0 0
0.330694 0.324699
0.661388 0.614213
0.992082 0.837166
1.32278 0.9694
1.65347 0.996584
1.98416 0.915773
2.31486 0.735724
2.64555 0.475947
2.97625 0.164595
3.30694 -0.164595
3.63763 -0.475947
3.96833 -0.735724
4.29902 -0.915773
4.62972 -0.996584
4.96041 -0.9694
5.2911 -0.837166
5.6218 -0.614213
5.95249 -0.324699
6.28319 -2.44929e-16


0 -0.00308115
0.0628319 0.0623262
0.125664 0.126828
0.188496 0.190263
0.251327 0.252464
0.314159 0.313265
0.376991 0.372499
0.439823 0.429998
0.502655 0.485596
0.565487 0.539126
0.628319 0.590425
0.69115 0.639333
0.753982 0.685693
0.816814 0.729354
0.879646 0.770168
0.942478 0.807997
1.00531 0.842707
1.06814 0.874173
1.13097 0.90228
1.19381 0.926922
1.25664 0.948002
1.31947 0.965437
1.3823 0.979154
1.44513 0.989093
1.50796 0.995206
1.5708 0.99746
1.63363 0.995836
1.69646 0.990328
1.75929 0.980947
1.82212 0.967718
1.88496 0.95068
1.94779 0.92989
2.01062 0.905418
2.07345 0.877351
2.13628 0.845789
2.19911 0.81085
2.26195 0.772664
2.32478 0.731376
2.38761 0.687145
2.45044 0.640142
2.51327 0.590551
2.57611 0.538569
2.63894 0.484401
2.70177 0.428265
2.7646 0.370385
2.82743 0.310997
2.89027 0.250339
2.9531 0.188659
3.01593 0.126208
3.07876 0.0632411
3.14159 1.51478e-05
3.20442 -0.0632112
3.26726 -0.126179
3.33009 -0.188632
3.39292 -0.250314
3.45575 -0.310975
3.51858 -0.370368
3.58142 -0.428251
3.64425 -0.484392
3.70708 -0.538565
3.76991 -0.590552
3.83274 -0.640148
3.89557 -0.687157
3.95841 -0.731393
4.02124 -0.772686
4.08407 -0.810877
4.1469 -0.845821
4.20973 -0.877386
4.27257 -0.905456
4.3354 -0.92993
4.39823 -0.950722
4.46106 -0.96776
4.52389 -0.980989
4.58673 -0.990368
4.64956 -0.995873
4.71239 -0.997493
4.77522 -0.995234
4.83805 -0.989115
4.90088 -0.979169
4.96372 -0.965444
5.02655 -0.947999
5.08938 -0.926909
5.15221 -0.902256
5.21504 -0.874138
5.27788 -0.842661
5.34071 -0.807941
5.40354 -0.770102
5.46637 -0.729279
5.5292 -0.68561
5.59203 -0.639244
5.65487 -0.590333
5.7177 -0.539033
5.78053 -0.485505
5.84336 -0.429915
5.90619 -0.372428
5.96903 -0.313211
6.03186 -0.252433
6.09469 -0.190263
6.15752 -0.126867
6.22035 -0.0624126
6.28319 0.00293786
