0.4	0.725
0.401	0.72367
0.402	0.722391
0.403	0.721097
0.404	0.719812
0.405	0.718534
0.406	0.717264
0.407	0.716001
0.408	0.714745
0.409	0.713497
0.41	0.712256
0.411	0.711023
0.412	0.709796
0.413	0.708577
0.414	0.707365
0.415	0.70616
0.416	0.704962
0.417	0.70377
0.418	0.702586
0.419	0.701409
0.42	0.700238
0.421	0.699074
0.422	0.697917
0.423	0.696767
0.424	0.695623
0.425	0.694485
0.426	0.693354
0.427	0.69223
0.428	0.691112
0.429	0.690001
0.43	0.688895
0.431	0.687796
0.432	0.686704
0.433	0.685617
0.434	0.684537
0.435	0.683463
0.436	0.682394
0.437	0.681332
0.438	0.680276
0.439	0.679226
0.44	0.678182
0.441	0.677143
0.442	0.676111
0.443	0.675084
0.444	0.674063
0.445	0.673048
0.446	0.672038
0.447	0.671034
0.448	0.670036
0.449	0.669043
0.45	0.668056
0.451	0.667074
0.452	0.666097
0.453	0.665126
0.454	0.664161
0.455	0.663201
0.456	0.662246
0.457	0.661296
0.458	0.660352
0.459	0.659412
0.46	0.658471
0.461	0.657549
0.462	0.656626
0.463	0.655707
0.464	0.654793
0.465	0.653884
0.466	0.652981
0.467	0.652082
0.468	0.651188
0.469	0.650299
0.47	0.649415
0.471	0.648536
0.472	0.647661
0.473	0.646791
0.474	0.645926
0.475	0.645066
0.476	0.64421
0.477	0.643359
0.478	0.642513
0.479	0.641671
0.48	0.640833
0.481	0.640001
0.482	0.639172
0.483	0.638348
0.484	0.637529
0.485	0.636714
0.486	0.635903
0.487	0.635097
0.488	0.634295
0.489	0.633497
0.49	0.632704
0.491	0.631915
0.492	0.63113
0.493	0.630349
0.494	0.629573
0.495	0.628801
0.496	0.628032
0.497	0.627268
0.498	0.626508
0.499	0.625752
0.5	0.625
0.501	0.624252
0.502	0.623508
0.503	0.622768
0.504	0.622032
0.505	0.6213
0.506	0.620571
0.507	0.619847
0.508	0.619126
0.509	0.618409
0.51	0.617696
0.511	0.616987
0.512	0.616281
0.513	0.615579
0.514	0.614881
0.515	0.614187
0.516	0.613496
0.517	0.612809
0.518	0.612125
0.519	0.611446
0.52	0.610769
0.521	0.610096
0.522	0.609427
0.523	0.608761
0.524	0.608099
0.525	0.60744
0.526	0.606785
0.527	0.606133
0.528	0.605485
0.529	0.60484
0.53	0.604198
0.531	0.60356
0.532	0.602925
0.533	0.602293
0.534	0.601665
0.535	0.60104
0.536	0.600418
0.537	0.599799
0.538	0.599184
0.539	0.598572
0.54	0.597963
0.541	0.597357
0.542	0.596755
0.543	0.596155
0.544	0.595559
0.545	0.594966
0.546	0.594375
0.547	0.593788
0.548	0.593204
0.549	0.592623
0.55	0.592045
0.551	0.591471
0.552	0.590899
0.553	0.59033
0.554	0.589764
0.555	0.5892
0.556	0.58864
0.557	0.588083
0.558	0.587529
0.559	0.586977
0.56	0.586429
0.561	0.585883
0.562	0.58534
0.563	0.5848
0.564	0.584262
0.565	0.583728
0.566	0.583196
0.567	0.582667
0.568	0.582141
0.569	0.581617
0.57	0.581096
0.571	0.580578
0.572	0.580063
0.573	0.57955
0.574	0.57904
0.575	0.578533
0.576	0.578028
0.577	0.577526
0.578	0.577026
0.579	0.576529
0.58	0.576034
0.581	0.575543
0.582	0.575053
0.583	0.574566
0.584	0.574082
0.585	0.5736
0.586	0.573121
0.587	0.572644
0.588	0.57217
0.589	0.571698
0.59	0.571229
0.591	0.570762
0.592	0.570297
0.593	0.569835
0.594	0.569375
0.595	0.568918
0.596	0.568463
0.597	0.56801
0.598	0.56756
0.599	0.567112
0.6	0.566667
0.601	0.566223
0.602	0.565782
0.603	0.565344
0.604	0.564907
0.605	0.564473
0.606	0.564041
0.607	0.563612
0.608	0.563184
0.609	0.562759
0.61	0.562336
0.611	0.561915
0.612	0.561497
0.613	0.56108
0.614	0.560666
0.615	0.560254
0.616	0.559844
0.617	0.559436
0.618	0.559031
0.619	0.558627
0.62	0.558226
0.621	0.557826
0.622	0.557429
0.623	0.557034
0.624	0.556641
0.625	0.55625
0.626	0.555861
0.627	0.555474
0.628	0.555089
0.629	0.554706
0.63	0.554325
0.631	0.553947
0.632	0.55357
0.633	0.553195
0.634	0.552822
0.635	0.552451
0.636	0.552082
0.637	0.551715
0.638	0.55135
0.639	0.550986
0.64	0.550625
0.641	0.550266
0.642	0.549908
0.643	0.549552
0.644	0.549199
0.645	0.548847
0.646	0.548497
0.647	0.548149
0.648	0.547802
0.649	0.547458
0.65	0.547115
0.651	0.546775
0.652	0.546436
0.653	0.546098
0.654	0.545763
0.655	0.545429
0.656	0.545098
0.657	0.544768
0.658	0.544439
0.659	0.544113
0.66	0.543788
0.661	0.543465
0.662	0.543144
0.663	0.542824
0.664	0.542506
0.665	0.54219
0.666	0.541875
0.667	0.541563
0.668	0.541252
0.669	0.540942
0.67	0.540635
0.671	0.540328
0.672	0.540024
0.673	0.539721
0.674	0.53942
0.675	0.539121
0.676	0.538823
0.677	0.538526
0.678	0.538232
0.679	0.537939
0.68	0.537647
0.681	0.537357
0.682	0.537069
0.683	0.536782
0.684	0.536497
0.685	0.536214
0.686	0.535932
0.687	0.535651
0.688	0.535372
0.689	0.535095
0.69	0.534819
0.691	0.534545
0.692	0.534272
0.693	0.534
0.694	0.533731
0.695	0.533462
0.696	0.533195
0.697	0.53293
0.698	0.532666
0.699	0.532404
0.7	0.532143
0.701	0.531883
0.702	0.531625
0.703	0.531369
0.704	0.531114
0.705	0.53086
0.706	0.530608
0.707	0.530357
0.708	0.530107
0.709	0.529859
0.71	0.529613
0.711	0.529367
0.712	0.529124
0.713	0.528881
0.714	0.52864
0.715	0.5284
0.716	0.528162
0.717	0.527925
0.718	0.527689
0.719	0.527455
0.72	0.527222
0.721	0.526991
0.722	0.52676
0.723	0.526531
0.724	0.526304
0.725	0.526078
0.726	0.525853
0.727	0.525629
0.728	0.525407
0.729	0.525186
0.73	0.524966
0.731	0.524747
0.732	0.52453
0.733	0.524314
0.734	0.524099
0.735	0.523886
0.736	0.523674
0.737	0.523463
0.738	0.523253
0.739	0.523045
0.74	0.522838
0.741	0.522632
0.742	0.522427
0.743	0.522224
0.744	0.522022
0.745	0.52182
0.746	0.521621
0.747	0.521422
0.748	0.521225
0.749	0.521028
0.75	0.520833
0.751	0.520639
0.752	0.520447
0.753	0.520255
0.754	0.520065
0.755	0.519876
0.756	0.519688
0.757	0.519501
0.758	0.519315
0.759	0.519131
0.76	0.518947
0.761	0.518765
0.762	0.518584
0.763	0.518404
0.764	0.518225
0.765	0.518047
0.766	0.517871
0.767	0.517695
0.768	0.517521
0.769	0.517348
0.77	0.517175
0.771	0.517004
0.772	0.516834
0.773	0.516665
0.774	0.516497
0.775	0.516331
0.776	0.516165
0.777	0.516
0.778	0.515837
0.779	0.515674
0.78	0.515513
0.781	0.515352
0.782	0.515193
0.783	0.515035
0.784	0.514878
0.785	0.514721
0.786	0.514566
0.787	0.514412
0.788	0.514259
0.789	0.514107
0.79	0.513956
0.791	0.513806
0.792	0.513657
0.793	0.513509
0.794	0.513361
0.795	0.513215
0.796	0.51307
0.797	0.512926
0.798	0.512783
0.799	0.512641
0.8	0.5125
0.801	0.512359
0.802	0.51222
0.803	0.512082
0.804	0.511944
0.805	0.511808
0.806	0.511673
0.807	0.511539
0.808	0.511405
0.809	0.511273
0.81	0.511141
0.811	0.511011
0.812	0.510882
0.813	0.510753
0.814	0.510625
0.815	0.510498
0.816	0.510373
0.817	0.510248
0.818	0.510123
0.819	0.51
0.82	0.509878
0.821	0.509757
0.822	0.509636
0.823	0.509517
0.824	0.509398
0.825	0.50928
0.826	0.509163
0.827	0.509047
0.828	0.508932
0.829	0.508818
0.83	0.508705
0.831	0.508592
0.832	0.508481
0.833	0.50837
0.834	0.50826
0.835	0.508151
0.836	0.508043
0.837	0.507936
0.838	0.507829
0.839	0.507724
0.84	0.507619
0.841	0.507515
0.842	0.507412
0.843	0.50731
0.844	0.507209
0.845	0.507108
0.846	0.507008
0.847	0.506909
0.848	0.506811
0.849	0.506714
0.85	0.506618
0.851	0.506522
0.852	0.506427
0.853	0.506333
0.854	0.50624
0.855	0.506148
0.856	0.506056
0.857	0.505965
0.858	0.505875
0.859	0.505786
0.86	0.505698
0.861	0.50561
0.862	0.505523
0.863	0.505437
0.864	0.505352
0.865	0.505267
0.866	0.505184
0.867	0.505101
0.868	0.505018
0.869	0.504937
0.87	0.504856
0.871	0.504776
0.872	0.504697
0.873	0.504619
0.874	0.504541
0.875	0.504464
0.876	0.504388
0.877	0.504313
0.878	0.504238
0.879	0.504164
0.88	0.504091
0.881	0.504018
0.882	0.503947
0.883	0.503876
0.884	0.503805
0.885	0.503736
0.886	0.503667
0.887	0.503599
0.888	0.503532
0.889	0.503465
0.89	0.503399
0.891	0.503334
0.892	0.503269
0.893	0.503205
0.894	0.503142
0.895	0.50308
0.896	0.503018
0.897	0.502957
0.898	0.502896
0.899	0.502837
0.9	0.502778
0.901	0.502719
0.902	0.502662
0.903	0.502605
0.904	0.502549
0.905	0.502493
0.906	0.502438
0.907	0.502384
0.908	0.50233
0.909	0.502278
0.91	0.502225
0.911	0.502174
0.912	0.502123
0.913	0.502073
0.914	0.502023
0.915	0.501974
0.916	0.501926
0.917	0.501878
0.918	0.501831
0.919	0.501785
0.92	0.501739
0.921	0.501694
0.922	0.50165
0.923	0.501606
0.924	0.501563
0.925	0.50152
0.926	0.501478
0.927	0.501437
0.928	0.501397
0.929	0.501357
0.93	0.501317
0.931	0.501278
0.932	0.50124
0.933	0.501203
0.934	0.501166
0.935	0.50113
0.936	0.501094
0.937	0.501059
0.938	0.501025
0.939	0.500991
0.94	0.500957
0.941	0.500925
0.942	0.500893
0.943	0.500861
0.944	0.500831
0.945	0.5008
0.946	0.500771
0.947	0.500742
0.948	0.500713
0.949	0.500685
0.95	0.500658
0.951	0.500631
0.952	0.500605
0.953	0.500579
0.954	0.500555
0.955	0.50053
0.956	0.500506
0.957	0.500483
0.958	0.50046
0.959	0.500438
0.96	0.500417
0.961	0.500396
0.962	0.500375
0.963	0.500355
0.964	0.500336
0.965	0.500327
0.966	0.500308
0.967	0.500282
0.968	0.500264
0.969	0.500248
0.97	0.500232
0.971	0.500217
0.972	0.500202
0.973	0.500187
0.974	0.500174
0.975	0.50016
0.976	0.500148
0.977	0.500135
0.978	0.500124
0.979	0.500113
0.98	0.500102
0.981	0.500092
0.982	0.500082
0.983	0.500073
0.984	0.500065
0.985	0.500057
0.986	0.50005
0.987	0.500043
0.988	0.500027
0.989	0.500031
0.99	0.500025
0.991	0.50002
0.992	0.500016
0.993	0.500012
0.994	0.500009
0.995	0.500006
0.996	0.500004
0.997	0.500002
0.998	0.500001
0.999	0.5
1	0.5
1.001	0.5
1.002	0.500001
1.003	0.500002
1.004	0.500004
1.005	0.500006
1.006	0.500009
1.007	0.500012
1.008	0.500016
1.009	0.50002
1.01	0.500025
1.011	0.50003
1.012	0.500036
1.013	0.500042
1.014	0.500048
1.015	0.500055
1.016	0.500063
1.017	0.500071
1.018	0.50008
1.019	0.500089
1.02	0.500098
1.021	0.500108
1.022	0.500118
1.023	0.500129
1.024	0.500141
1.025	0.500152
1.026	0.500165
1.027	0.500177
1.028	0.500191
1.029	0.500204
1.03	0.500218
1.031	0.500233
1.032	0.500248
1.033	0.500264
1.034	0.500279
1.035	0.500296
1.036	0.500313
1.037	0.50033
1.038	0.500348
1.039	0.500366
1.04	0.500385
1.041	0.500404
1.042	0.500423
1.043	0.500443
1.044	0.500464
1.045	0.500484
1.046	0.500506
1.047	0.500527
1.048	0.50055
1.049	0.500572
1.05	0.500595
1.051	0.500619
1.052	0.500643
1.053	0.500667
1.054	0.500692
1.055	0.500717
1.056	0.500742
1.057	0.500768
1.058	0.500795
1.059	0.500822
1.06	0.500849
1.061	0.500877
1.062	0.500905
1.063	0.500933
1.064	0.500962
1.065	0.500992
1.066	0.501022
1.067	0.501052
1.068	0.501082
1.069	0.501113
1.07	0.501145
1.071	0.501177
1.072	0.501209
1.073	0.501242
1.074	0.501275
1.075	0.501308
1.076	0.501342
1.077	0.501376
1.078	0.501411
1.079	0.501446
1.08	0.501481
1.081	0.501517
1.082	0.501554
1.083	0.50159
1.084	0.501627
1.085	0.501665
1.086	0.501703
1.087	0.501741
1.088	0.501779
1.089	0.501818
1.09	0.501858
1.091	0.501898
1.092	0.501938
1.093	0.501978
1.094	0.502019
1.095	0.502061
1.096	0.502102
1.097	0.502144
1.098	0.502187
1.099	0.50223
1.1	0.502273
1.101	0.502316
1.102	0.50236
1.103	0.502405
1.104	0.502449
1.105	0.502494
1.106	0.50254
1.107	0.502586
1.108	0.502632
1.109	0.502678
1.11	0.502725
1.111	0.502773
1.112	0.50282
1.113	0.502868
1.114	0.502917
1.115	0.502965
1.116	0.503014
1.117	0.503064
1.118	0.503114
1.119	0.503164
1.12	0.503214
1.121	0.503265
1.122	0.503316
1.123	0.503368
1.124	0.50342
1.125	0.503472
1.126	0.503525
1.127	0.503578
1.128	0.503631
1.129	0.503685
1.13	0.503739
1.131	0.503793
1.132	0.503848
1.133	0.503903
1.134	0.503959
1.135	0.504014
1.136	0.50407
1.137	0.504127
1.138	0.504184
1.139	0.504241
1.14	0.504298
1.141	0.504356
1.142	0.504414
1.143	0.504473
1.144	0.504531
1.145	0.504591
1.146	0.50465
1.147	0.50471
1.148	0.50477
1.149	0.504831
1.15	0.504891
1.151	0.504952
1.152	0.505014
1.153	0.505076
1.154	0.505138
1.155	0.5052
1.156	0.505263
1.157	0.505326
1.158	0.505389
1.159	0.505453
1.16	0.505517
1.161	0.505582
1.162	0.505646
1.163	0.505711
1.164	0.505777
1.165	0.505842
1.166	0.505908
1.167	0.505975
1.168	0.506041
1.169	0.506108
1.17	0.506175
1.171	0.506243
1.172	0.506311
1.173	0.506379
1.174	0.506447
1.175	0.506516
1.176	0.506585
1.177	0.506654
1.178	0.506724
1.179	0.506794
1.18	0.506864
1.181	0.506935
1.182	0.507006
1.183	0.507077
1.184	0.507149
1.185	0.50722
1.186	0.507293
1.187	0.507365
1.188	0.507438
1.189	0.507511
1.19	0.507584
1.191	0.507658
1.192	0.507732
1.193	0.507806
1.194	0.50788
1.195	0.507955
1.196	0.50803
1.197	0.508105
1.198	0.508181
1.199	0.508257
1.2	0.508333
1.201	0.50841
1.202	0.508487
1.203	0.508564
1.204	0.508641
1.205	0.508719
1.206	0.508797
1.207	0.508875
1.208	0.508954
1.209	0.509032
1.21	0.509112
1.211	0.509191
1.212	0.509271
1.213	0.509351
1.214	0.509431
1.215	0.509511
1.216	0.509592
1.217	0.509673
1.218	0.509755
1.219	0.509836
1.22	0.509918
1.221	0.51
1.222	0.510083
1.223	0.510165
1.224	0.510248
1.225	0.510332
1.226	0.510415
1.227	0.510499
1.228	0.510583
1.229	0.510667
1.23	0.510752
1.231	0.510837
1.232	0.510922
1.233	0.511008
1.234	0.511093
1.235	0.511179
1.236	0.511265
1.237	0.511352
1.238	0.511439
1.239	0.511526
1.24	0.511613
1.241	0.5117
1.242	0.511788
1.243	0.511876
1.244	0.511965
1.245	0.512053
1.246	0.512142
1.247	0.512231
1.248	0.512321
1.249	0.51241
1.25	0.5125
1.251	0.51259
1.252	0.512681
1.253	0.512771
1.254	0.512862
1.255	0.512953
1.256	0.513045
1.257	0.513136
1.258	0.513228
1.259	0.51332
1.26	0.513413
1.261	0.513505
1.262	0.513598
1.263	0.513691
1.264	0.513785
1.265	0.513878
1.266	0.513972
1.267	0.514066
1.268	0.514161
1.269	0.514256
1.27	0.51435
1.271	0.514446
1.272	0.514541
1.273	0.514636
1.274	0.514732
1.275	0.514828
1.276	0.514925
1.277	0.515021
1.278	0.515118
1.279	0.515215
1.28	0.515313
1.281	0.51541
1.282	0.515508
1.283	0.515606
1.284	0.515704
1.285	0.515803
1.286	0.515901
1.287	0.516
1.288	0.516099
1.289	0.516199
1.29	0.516298
1.291	0.516398
1.292	0.516498
1.293	0.516599
1.294	0.516699
1.295	0.5168
1.296	0.516901
1.297	0.517003
1.298	0.517104
1.299	0.517206
1.3	0.517308
1.301	0.51741
1.302	0.517512
1.303	0.517615
1.304	0.517718
1.305	0.517821
1.306	0.517924
1.307	0.518028
1.308	0.518131
1.309	0.518235
1.31	0.51834
1.311	0.518444
1.312	0.518549
1.313	0.518654
1.314	0.518759
1.315	0.518864
1.316	0.51897
1.317	0.519075
1.318	0.519181
1.319	0.519288
1.32	0.519394
1.321	0.519501
1.322	0.519607
1.323	0.519714
1.324	0.519822
1.325	0.519929
1.326	0.520037
1.327	0.520145
1.328	0.520253
1.329	0.520361
1.33	0.52047
1.331	0.520579
1.332	0.520688
1.333	0.520797
1.334	0.520906
1.335	0.521016
1.336	0.521126
1.337	0.521236
1.338	0.521346
1.339	0.521456
1.34	0.521567
1.341	0.521678
1.342	0.521789
1.343	0.5219
1.344	0.522012
1.345	0.522124
1.346	0.522236
1.347	0.522348
1.348	0.52246
1.349	0.522572
1.35	0.522685
1.351	0.522798
1.352	0.522911
1.353	0.523025
1.354	0.523138
1.355	0.523252
1.356	0.523366
1.357	0.52348
1.358	0.523594
1.359	0.523709
1.36	0.523824
1.361	0.523938
1.362	0.524054
1.363	0.524169
1.364	0.524284
1.365	0.5244
1.366	0.524516
1.367	0.524632
1.368	0.524749
1.369	0.524865
1.37	0.524982
1.371	0.525099
1.372	0.525216
1.373	0.525333
1.374	0.525451
1.375	0.525568
1.376	0.525686
1.377	0.525804
1.378	0.525922
1.379	0.526041
1.38	0.526159
1.381	0.526278
1.382	0.526397
1.383	0.526516
1.384	0.526636
1.385	0.526755
1.386	0.526875
1.387	0.526995
1.388	0.527115
1.389	0.527236
1.39	0.527356
1.391	0.527477
1.392	0.527598
1.393	0.527719
1.394	0.52784
1.395	0.527961
1.396	0.528083
1.397	0.528205
1.398	0.528327
1.399	0.528449
1.4	0.528571
