0.47 5.40099
0.52 5.32246
0.57 5.24536
0.62 5.16966
0.67 5.09534
0.72 5.02237
0.77 4.95073
0.82 4.88039
0.87 4.81133
0.92 4.74353
0.97 4.67696
1.02 4.6116
1.07 4.54743
1.12 4.48443
1.17 4.42257
1.22 4.36184
1.27 4.30221
1.32 4.24367
1.37 4.18619
1.42 4.12976
1.47 4.07436
1.52 4.01996
1.57 3.96655
1.62 3.91412
1.67 3.86263
1.72 3.81209
1.77 3.76246
1.82 3.71374
1.87 3.6659
1.92 3.61894
1.97 3.57282
2.02 3.52755
2.07 3.4831
2.12 3.43946
2.17 3.39661
2.22 3.35454
2.27 3.31324
2.32 3.27269
2.37 3.23287
2.42 3.19378
2.47 3.15541
2.52 3.11773
2.57 3.08073
2.62 3.04441
2.67 3.00875
2.72 2.97373
2.77 2.93936
2.82 2.90561
2.87 2.87247
2.92 2.83994
2.97 2.808
3.02 2.77664
3.07 2.74585
3.12 2.71562
3.17 2.68594
3.22 2.65679
3.27 2.62818
3.32 2.60009
3.37 2.57252
3.42 2.54544
3.47 2.51885
3.52 2.49275
3.57 2.46713
3.62 2.44197
3.67 2.41726
3.72 2.39301
3.77 2.3692
3.82 2.34582
3.87 2.32287
3.92 2.30033
3.97 2.27821
4.02 2.25648
4.07 2.23515
4.12 2.21421
4.17 2.19365
4.22 2.17347
4.27 2.15365
4.32 2.13419
4.37 2.11509
4.42 2.09633
4.47 2.07792
4.52 2.05984
4.57 2.04209
4.62 2.02466
4.67 2.00755
4.72 1.99075
4.77 1.97425
4.82 1.95806
4.87 1.94216
4.92 1.92655
4.97 1.91122
5.02 1.89617
5.07 1.8814
5.12 1.86689
5.17 1.85265
5.22 1.83867
5.27 1.82494
5.32 1.81146
5.37 1.79823
5.42 1.78524
5.47 1.77248
5.52 1.75996
5.57 1.74766
5.62 1.73559
5.67 1.72374
5.72 1.7121
5.77 1.70067
5.82 1.68946
5.87 1.67844
5.92 1.66763
5.97 1.65701
6.02 1.64659
6.07 1.63636
6.12 1.62631
6.17 1.61644
6.22 1.60676
6.27 1.59725
6.32 1.58791
6.37 1.57875
6.42 1.56975
6.47 1.56091
6.52 1.55223
6.57 1.54372
6.62 1.53535
6.67 1.52714
6.72 1.51908
6.77 1.51117
6.82 1.5034
6.87 1.49577
6.92 1.48828
6.97 1.48092
7.02 1.4737
7.07 1.46662
7.12 1.45966
7.17 1.45282
7.22 1.44611
7.27 1.43953
7.32 1.43306
7.37 1.42671
7.42 1.42048
7.47 1.41435
7.52 1.40835
7.57 1.40245
7.62 1.39665
7.67 1.39097
7.72 1.38538
7.77 1.3799
7.82 1.37452
7.87 1.36923
7.92 1.36404
7.97 1.35895
8.02 1.35395
8.07 1.34904
8.12 1.34422
8.17 1.33948
8.22 1.33484
8.27 1.33027
8.32 1.32579
8.37 1.32139
8.42 1.31708
8.47 1.31284
8.52 1.30867
8.57 1.30459
8.62 1.30057
8.67 1.29663
8.72 1.29277
8.77 1.28897
8.82 1.28524
8.87 1.28158
8.92 1.27799


A=5.1301 T=2.72357 B=1.084 iter=91
