Fully diagonalizing matrix, lowest eigenvalues first
Starting matrix A:
0.840188 0.197551 0.477397 0.916195 0.0163006 
0.197551 0.335223 0.628871 0.635712 0.242887 
0.477397 0.628871 0.364784 0.717297 0.137232 
0.916195 0.635712 0.717297 0.141603 0.804177 
0.0163006 0.242887 0.137232 0.804177 0.156679 

Row 0 diagonal elements eliminated:
0.840188 0 0 0 0 
0.197551 0.335223 0.528622 0.990991 0.224552 
0.477397 0.628871 0.364784 0.504004 0.43938 
0.916195 0.635712 0.717297 0.141603 0.522147 
0.0163006 0.242887 0.137232 0.804177 0.156679 

The corresponding eigenvalue: -1.0144

Row 1 diagonal elements eliminated:
0.840188 0 0 0 0 
0.197551 0.335223 0 0 0 
0.477397 0.628871 0.364784 0.830571 0.67781 
0.916195 0.635712 0.717297 0.141603 0.297032 
0.0163006 0.242887 0.137232 0.804177 0.156679 

The corresponding eigenvalue: -0.324851

Row 2 diagonal elements eliminated:
0.840188 0 0 0 0 
0.197551 0.335223 0 0 0 
0.477397 0.628871 0.364784 0 0 
0.916195 0.635712 0.717297 0.141603 0.701784 
0.0163006 0.242887 0.137232 0.804177 0.156679 

The corresponding eigenvalue: 0.22478

Row 3 diagonal elements eliminated:
0.840188 0 0 0 0 
0.197551 0.335223 0 0 0 
0.477397 0.628871 0.364784 0 0 
0.916195 0.635712 0.717297 0.141603 0 
0.0163006 0.242887 0.137232 0.804177 0.156679 

The corresponding eigenvalue: 0.54335

Row 4 diagonal elements eliminated:
0.840188 0 0 0 0 
0.197551 0.335223 0 0 0 
0.477397 0.628871 0.364784 0 0 
0.916195 0.635712 0.717297 0.141603 0 
0.0163006 0.242887 0.137232 0.804177 0.156679 

The corresponding eigenvalue: 2.4096

Sweeps: 62, Rotations: 174

Finding highest eigenvalues first
2.4096
0.54335
0.22478
-0.324851
-1.0144
Sweeps: 39, Rotations: 111

Finding only the first lowest eigenvalue
-1.0144
Sweeps: 17, Rotations: 68

Cyclic method, eigenvalues are:
-1.0144
-0.324851
0.22478
0.54335
2.4096
Sweeps: 5, Rotations: 50

