0.0171961 0.0171961 0.999852
0.0337789 0.0337741 0.99943
0.0499897 0.0499712 0.998751
0.0659722 0.0659273 0.997824
0.0818136 0.081726 0.996655
0.0975675 0.097417 0.995244
0.113267 0.11303 0.993592
0.128932 0.128581 0.991699
0.144577 0.14408 0.989566
0.160208 0.15953 0.987193
0.175831 0.174933 0.98458
0.191448 0.190289 0.981728
0.207063 0.205595 0.978637
0.222675 0.220849 0.975308
0.238286 0.236048 0.971742
0.253897 0.251188 0.967938
0.269507 0.266267 0.9639
0.285116 0.28128 0.959626
0.300726 0.296225 0.955118
0.316335 0.311098 0.950378
0.331944 0.325895 0.945406
0.347553 0.340612 0.940204
0.363162 0.355246 0.934773
0.378771 0.369794 0.929114
0.394381 0.384252 0.923229
0.40999 0.398616 0.917118
0.425599 0.412882 0.910785
0.441208 0.427049 0.904229
0.456817 0.441111 0.897453
0.472426 0.455065 0.890458
0.488035 0.468909 0.883247
0.503644 0.482639 0.87582
0.519253 0.496251 0.86818
0.534862 0.509742 0.860328
0.550471 0.523109 0.852266
0.56608 0.536348 0.843997
0.58169 0.549457 0.835523
0.597299 0.562431 0.826844
0.612908 0.575269 0.817965
0.628517 0.587967 0.808886
0.644126 0.600521 0.799609
0.659735 0.612929 0.790138
0.675344 0.625188 0.780475
0.690953 0.637294 0.770621
0.706562 0.649245 0.76058
0.722171 0.661038 0.750353
0.73778 0.67267 0.739943
0.753389 0.684138 0.729353
0.768998 0.695439 0.718586
0.784608 0.706571 0.707643
0.800217 0.71753 0.696528
0.815826 0.728315 0.685243
0.831435 0.738922 0.673791
0.847044 0.749349 0.662175
0.862653 0.759594 0.650398
0.878262 0.769654 0.638462
0.893871 0.779526 0.626371
0.90948 0.789208 0.614127
0.925089 0.798698 0.601733
0.940698 0.807993 0.589193
0.956307 0.817091 0.576509
0.971916 0.82599 0.563685
0.987525 0.834688 0.550723
1.00313 0.843183 0.537628
1.01874 0.851472 0.524401
1.03435 0.859554 0.511046
1.04996 0.867426 0.497567
1.06557 0.875087 0.483967
1.08118 0.882535 0.470249
1.09679 0.889767 0.456416
1.1124 0.896783 0.442472
1.12801 0.90358 0.42842
1.14362 0.910158 0.414264
1.15923 0.916513 0.400006
1.17483 0.922645 0.385652
1.19044 0.928552 0.371203
1.20605 0.934233 0.356664
1.22166 0.939687 0.342038
1.23727 0.944911 0.327329
1.25288 0.949905 0.31254
1.26849 0.954668 0.297674
1.2841 0.959198 0.282737
1.29971 0.963495 0.26773
1.31532 0.967556 0.252658
1.33093 0.971382 0.237525
1.34653 0.974971 0.222333
1.36214 0.978323 0.207088
1.37775 0.981436 0.191792
1.39336 0.98431 0.176449
1.40897 0.986945 0.161064
1.42458 0.989339 0.145639
1.44019 0.991491 0.130178
1.4558 0.993402 0.114686
1.47141 0.995072 0.0991662
1.48702 0.996498 0.083622
1.50262 0.997682 0.0680574
1.51823 0.998623 0.0524762
1.53384 0.99932 0.0368822
1.54945 0.999774 0.0212792
1.56506 0.999985 0.00567111
1.58067 0.999951 -0.00993842
1.59628 0.999674 -0.0255455
1.61189 0.999154 -0.0411464
1.6275 0.99839 -0.0567373
1.64311 0.997383 -0.0723143
1.65872 0.996132 -0.0878737
1.67432 0.994639 -0.103412
1.68993 0.992904 -0.118925
1.70554 0.990927 -0.134408
1.72115 0.988708 -0.149859
1.73676 0.986249 -0.165274
1.75237 0.983549 -0.180648
1.76798 0.980609 -0.195979
1.78359 0.977431 -0.211261
1.7992 0.974014 -0.226492
1.81481 0.97036 -0.241668
1.83042 0.966469 -0.256785
1.84602 0.962344 -0.271839
1.86163 0.957983 -0.286828
1.87724 0.953389 -0.301746
1.89285 0.948563 -0.316591
1.90846 0.943506 -0.331358
1.92407 0.938219 -0.346045
1.93968 0.932703 -0.360648
1.95529 0.92696 -0.375162
1.9709 0.920991 -0.389586
1.98651 0.914798 -0.403914
2.00212 0.908382 -0.418144
2.01772 0.901744 -0.432272
2.03333 0.894887 -0.446295
2.04894 0.887812 -0.460209
2.06455 0.88052 -0.474011
2.08016 0.873014 -0.487697
2.09577 0.865295 -0.501265
2.11138 0.857366 -0.51471
2.12699 0.849227 -0.52803
2.1426 0.840881 -0.541221
2.15821 0.832331 -0.554281
2.17382 0.823578 -0.567205
2.18942 0.814624 -0.579991
2.20503 0.805472 -0.592636
2.22064 0.796123 -0.605137
2.23625 0.78658 -0.61749
2.25186 0.776846 -0.629692
2.26747 0.766923 -0.641741
2.28308 0.756812 -0.653634
2.29869 0.746517 -0.665368
2.3143 0.736041 -0.676939
2.32991 0.725385 -0.688345
2.34551 0.714552 -0.699584
2.36112 0.703545 -0.710652
2.37673 0.692367 -0.721548
2.39234 0.68102 -0.732267
2.40795 0.669507 -0.742808
2.42356 0.65783 -0.753168
2.43917 0.645994 -0.763344
2.45478 0.634 -0.773334
2.47039 0.621852 -0.783136
2.486 0.609552 -0.792747
2.50161 0.597104 -0.802165
2.51721 0.58451 -0.811388
2.53282 0.571774 -0.820413
2.54843 0.558898 -0.829238
2.56404 0.545887 -0.837861
2.57965 0.532742 -0.846279
2.59526 0.519467 -0.854492
2.61087 0.506066 -0.862496
2.62648 0.492542 -0.87029
2.64209 0.478897 -0.877872
2.6577 0.465136 -0.885241
2.67331 0.451262 -0.892393
2.68891 0.437277 -0.899328
2.70452 0.423187 -0.906044
2.72013 0.408992 -0.912539
2.73574 0.394699 -0.918812
2.75135 0.380309 -0.924861
2.76696 0.365826 -0.930685
2.78257 0.351255 -0.936281
2.79818 0.336597 -0.94165
2.81379 0.321858 -0.946789
2.8294 0.30704 -0.951698
2.84501 0.292148 -0.956375
2.86061 0.277184 -0.960818
2.87622 0.262153 -0.965028
2.89183 0.247058 -0.969002
2.90744 0.231902 -0.97274
2.92305 0.216691 -0.976242
2.93866 0.201426 -0.979505
2.95427 0.186112 -0.98253
2.96988 0.170753 -0.985315
2.98549 0.155353 -0.987861
3.0011 0.139914 -0.990165
3.01671 0.124441 -0.992228
3.03231 0.108938 -0.99405
3.04792 0.093409 -0.995629
3.06353 0.0778568 -0.996966
3.07914 0.0622856 -0.99806
3.09475 0.0466992 -0.99891
3.11036 0.0311015 -0.999518
3.12597 0.0154961 -0.999881
3.14158 -0.000112988 -1
3.15719 -0.0157221 -0.999878
3.1728 -0.0313273 -0.999511
3.1884 -0.0469249 -0.9989
3.20401 -0.0625111 -0.998046
3.21962 -0.0780821 -0.996948
3.23523 -0.093634 -0.995608
3.25084 -0.109163 -0.994025
3.26645 -0.124666 -0.9922
3.28206 -0.140138 -0.990134
3.29767 -0.155576 -0.987826
3.31328 -0.170976 -0.985277
3.32889 -0.186334 -0.982488
3.3445 -0.201647 -0.97946
3.3601 -0.216911 -0.976193
3.37571 -0.232122 -0.972688
3.39132 -0.247277 -0.968947
3.40693 -0.262371 -0.964969
3.42254 -0.277401 -0.960756
3.43815 -0.292364 -0.956309
3.45376 -0.307255 -0.951629
3.46937 -0.322072 -0.946717
3.48498 -0.33681 -0.941574
3.50059 -0.351466 -0.936202
3.5162 -0.366037 -0.930602
3.5318 -0.380518 -0.924775
3.54741 -0.394906 -0.918723
3.56302 -0.409199 -0.912447
3.57863 -0.423391 -0.905949
3.59424 -0.437481 -0.89923
3.60985 -0.451464 -0.892291
3.62546 -0.465337 -0.885136
3.64107 -0.479096 -0.877764
3.65668 -0.492739 -0.870179
3.67229 -0.506261 -0.862382
3.6879 -0.519661 -0.854375
3.7035 -0.532933 -0.846159
3.71911 -0.546076 -0.837738
3.73472 -0.559086 -0.829112
3.75033 -0.57196 -0.820284
3.76594 -0.584694 -0.811256
3.78155 -0.597285 -0.802031
3.79716 -0.609732 -0.79261
3.81277 -0.622029 -0.782996
3.82838 -0.634175 -0.773192
3.84399 -0.646167 -0.763199
3.8596 -0.658001 -0.753019
3.8752 -0.669675 -0.742657
3.89081 -0.681185 -0.732113
3.90642 -0.69253 -0.721392
3.92203 -0.703706 -0.710494
3.93764 -0.71471 -0.699423
3.95325 -0.725541 -0.688182
3.96886 -0.736194 -0.676773
3.98447 -0.746668 -0.665199
4.00008 -0.75696 -0.653464
4.01569 -0.767068 -0.641569
4.03129 -0.776989 -0.629517
4.0469 -0.786721 -0.617312
4.06251 -0.79626 -0.604957
4.07812 -0.805606 -0.592455
4.09373 -0.814756 -0.579808
4.10934 -0.823707 -0.56702
4.12495 -0.832457 -0.554093
4.14056 -0.841004 -0.541032
4.15617 -0.849347 -0.527839
4.17178 -0.857483 -0.514517
4.18739 -0.865409 -0.50107
4.20299 -0.873125 -0.4875
4.2186 -0.880628 -0.473812
4.23421 -0.887917 -0.460009
4.24982 -0.894989 -0.446093
4.26543 -0.901843 -0.432069
4.28104 -0.908477 -0.417939
4.29665 -0.91489 -0.403708
4.31226 -0.92108 -0.389378
4.32787 -0.927046 -0.374953
4.34348 -0.932786 -0.360437
4.35909 -0.938298 -0.345834
4.37469 -0.943582 -0.331146
4.3903 -0.948636 -0.316377
4.40591 -0.953459 -0.301531
4.42152 -0.958049 -0.286612
4.43713 -0.962406 -0.271622
4.45274 -0.966529 -0.256567
4.46835 -0.970416 -0.241449
4.48396 -0.974066 -0.226272
4.49957 -0.977479 -0.211041
4.51518 -0.980655 -0.195757
4.53079 -0.983591 -0.180426
4.54639 -0.986287 -0.165052
4.562 -0.988743 -0.149636
4.57761 -0.990959 -0.134185
4.59322 -0.992932 -0.118701
4.60883 -0.994664 -0.103187
4.62444 -0.996154 -0.087649
4.64005 -0.9974 -0.0720892
4.65566 -0.998404 -0.056512
4.67127 -0.999165 -0.0409209
4.68688 -0.999682 -0.0253199
4.70248 -0.999955 -0.00971273
4.71809 -0.999985 0.00589682
4.7337 -0.999771 0.0215049
4.74931 -0.999314 0.0371078
4.76492 -0.998613 0.0527016
4.78053 -0.997668 0.0682826
4.79614 -0.996481 0.083847
4.81175 -0.995051 0.0993909
4.82736 -0.993378 0.114911
4.84297 -0.991463 0.130402
4.85858 -0.989307 0.145862
4.87418 -0.98691 0.161287
4.88979 -0.984272 0.176672
4.9054 -0.981395 0.192014
4.92101 -0.978278 0.207309
4.93662 -0.974923 0.222554
4.95223 -0.97133 0.237744
4.96784 -0.967501 0.252877
4.98345 -0.963436 0.267948
4.99906 -0.959136 0.282954
5.01467 -0.954603 0.29789
5.03028 -0.949837 0.312755
5.04588 -0.944839 0.327543
5.06149 -0.939611 0.342251
5.0771 -0.934155 0.356875
5.09271 -0.92847 0.371413
5.10832 -0.92256 0.385861
5.12393 -0.916424 0.400214
5.13954 -0.910066 0.41447
5.15515 -0.903485 0.428624
5.17076 -0.896685 0.442675
5.18637 -0.889666 0.456617
5.20198 -0.88243 0.470448
5.21758 -0.87498 0.484165
5.23319 -0.867316 0.497764
5.2488 -0.85944 0.511241
5.26441 -0.851356 0.524594
5.28002 -0.843063 0.537819
5.29563 -0.834566 0.550913
5.31124 -0.825865 0.563872
5.32685 -0.816963 0.576695
5.34246 -0.807862 0.589376
5.35807 -0.798564 0.601915
5.37367 -0.789071 0.614306
5.38928 -0.779386 0.626548
5.40489 -0.769511 0.638637
5.4205 -0.759449 0.650571
5.43611 -0.749202 0.662346
5.45172 -0.738772 0.673959
5.46733 -0.728162 0.685409
5.48294 -0.717375 0.696691
5.49855 -0.706413 0.707804
5.51416 -0.695278 0.718744
5.52977 -0.683975 0.729509
5.54537 -0.672504 0.740097
5.56098 -0.66087 0.750504
5.57659 -0.649075 0.760728
5.5922 -0.637122 0.770767
5.60781 -0.625013 0.780618
5.62342 -0.612752 0.790278
5.63903 -0.600342 0.799747
5.65464 -0.587786 0.80902
5.67025 -0.575086 0.818096
5.68586 -0.562246 0.826973
5.70147 -0.54927 0.835648
5.71707 -0.536159 0.84412
5.73268 -0.522918 0.852386
5.74829 -0.509549 0.860445
5.7639 -0.496056 0.868294
5.77951 -0.482443 0.875931
5.79512 -0.468711 0.883354
5.81073 -0.454866 0.890563
5.82634 -0.44091 0.897555
5.84195 -0.426846 0.904327
5.85756 -0.412678 0.91088
5.87316 -0.39841 0.91721
5.88877 -0.384045 0.923318
5.90438 -0.369586 0.9292
5.91999 -0.355037 0.934855
5.9356 -0.340401 0.940283
5.95121 -0.325683 0.945482
5.96682 -0.310885 0.95045
5.98243 -0.296012 0.955187
5.99804 -0.281066 0.959691
6.01365 -0.266052 0.963962
6.02926 -0.250973 0.967997
6.04486 -0.235833 0.971797
6.06047 -0.220635 0.975359
6.07608 -0.205384 0.978684
6.09169 -0.190083 0.981771
6.1073 -0.174735 0.984618
6.12291 -0.159345 0.987226
6.13852 -0.143916 0.989593
6.15413 -0.128451 0.991719
6.16974 -0.112956 0.993603
6.18535 -0.0974329 0.995245
6.20096 -0.0818862 0.996645
6.21656 -0.0663196 0.997801
6.23217 -0.0507367 0.998715
6.24778 -0.0351415 0.999385
6.26339 -0.0195378 0.999812
6.279 -0.00392926 0.999995
6.28 -0.00292999 0.999999


Solving sine from 0 to 6.28
Final value, y=-0.00292999 dy/dx=0.999999
Math values: sin(b)=-0.0031853 cos(b)=0.999995
Steps taken: 404


0.02 6.9004 -4.96
0.0436606 6.7836 -4.91268
0.069852 6.65562 -4.8603
0.0976548 6.52126 -4.80469
0.126397 6.38399 -4.74721
0.155619 6.24612 -4.68876
0.185017 6.10915 -4.62997
0.214396 5.97399 -4.57121
0.243633 5.84119 -4.51273
0.272654 5.71107 -4.45469
0.301412 5.58379 -4.39718
0.329881 5.45942 -4.34024
0.358047 5.33796 -4.28391
0.385903 5.21941 -4.22819
0.413445 5.10371 -4.17311
0.440675 4.99082 -4.11865
0.467595 4.88067 -4.06481
0.494208 4.7732 -4.01158
0.520517 4.66835 -3.95897
0.546527 4.56606 -3.90695
0.572242 4.46625 -3.85552
0.597668 4.36887 -3.80466
0.622807 4.27385 -3.75439
0.647665 4.18115 -3.70467
0.672246 4.09069 -3.65551
0.696554 4.00242 -3.60689
0.720593 3.91629 -3.55881
0.744369 3.83224 -3.51126
0.767884 3.75023 -3.46423
0.791143 3.67019 -3.41771
0.814149 3.59209 -3.3717
0.836907 3.51588 -3.32619
0.85942 3.4415 -3.28116
0.881692 3.36892 -3.23662
0.903726 3.29809 -3.19255
0.925527 3.22897 -3.14895
0.947097 3.16151 -3.10581
0.96844 3.09568 -3.06312
0.989559 3.03143 -3.02088
1.01046 2.96874 -2.97909
1.03114 2.90756 -2.93772
1.0516 2.84785 -2.89679
1.07186 2.78958 -2.85628
1.09191 2.73272 -2.81618
1.11175 2.67724 -2.7765
1.13139 2.6231 -2.73722
1.15083 2.57026 -2.69834
1.17007 2.51871 -2.65986
1.18912 2.4684 -2.62176
1.20798 2.41932 -2.58404
1.22665 2.37143 -2.54671
1.24513 2.3247 -2.50974
1.26343 2.27911 -2.47314
1.28155 2.23463 -2.43691
1.29948 2.19124 -2.40103
1.31724 2.14891 -2.36551
1.33483 2.10762 -2.33034
1.35225 2.06734 -2.29551
1.36949 2.02805 -2.26101
1.38657 1.98973 -2.22686
1.40348 1.95235 -2.19303
1.42023 1.9159 -2.15954
1.43682 1.88035 -2.12636
1.45325 1.84569 -2.0935
1.46952 1.81189 -2.06096
1.48564 1.77893 -2.02873
1.5016 1.74681 -1.9968
1.51741 1.71548 -1.96518
1.53307 1.68495 -1.93386
1.54859 1.65519 -1.90283
1.56395 1.62618 -1.87209
1.57918 1.59791 -1.84164
1.59426 1.57037 -1.81148
1.6092 1.54352 -1.7816
1.624 1.51737 -1.752
1.63867 1.4919 -1.72267
1.65319 1.46708 -1.69361
1.66759 1.44291 -1.66482
1.68185 1.41937 -1.6363
1.69598 1.39644 -1.60803
1.70998 1.37412 -1.58003
1.72386 1.3524 -1.55228
1.73761 1.33124 -1.52479
1.75123 1.31066 -1.49754
1.76473 1.29062 -1.47054
1.77811 1.27113 -1.44379
1.79136 1.25217 -1.41727
1.8045 1.23372 -1.391
1.81752 1.21578 -1.36496
1.83042 1.19833 -1.33915
1.84321 1.18137 -1.31357
1.85589 1.16488 -1.28822
1.86845 1.14885 -1.2631
1.8809 1.13328 -1.23819
1.89325 1.11815 -1.2135
1.90548 1.10345 -1.18904
1.91761 1.08918 -1.16478
1.92963 1.07532 -1.14073
1.94155 1.06187 -1.1169
1.95337 1.04881 -1.09327
1.96508 1.03614 -1.06984
1.97669 1.02385 -1.04661
1.98821 1.01193 -1.02359
1.99962 1.00038 -1.00075
2.01094 0.989177 -0.978114
2.02217 0.978324 -0.955665
2.0333 0.96781 -0.933403
2.04434 0.957629 -0.911327
2.05528 0.947773 -0.889433
2.06614 0.938234 -0.86772
2.07691 0.929007 -0.846184
2.08759 0.920083 -0.824822
2.09818 0.911456 -0.803633
2.10869 0.903121 -0.782613
2.11912 0.89507 -0.76176
2.12946 0.887297 -0.741071
2.13973 0.879796 -0.720544
2.14991 0.872561 -0.700175
2.16002 0.865587 -0.679962
2.17005 0.858868 -0.659903
2.18 0.852398 -0.639993
2.18988 0.846172 -0.620231
2.19969 0.840184 -0.600613
2.20943 0.83443 -0.581137
2.2191 0.828904 -0.561799
2.2287 0.823603 -0.542596
2.23824 0.81852 -0.523526
2.24771 0.813652 -0.504586
2.25711 0.808993 -0.485771
2.26646 0.804541 -0.467079
2.27575 0.800289 -0.448506
2.28498 0.796236 -0.43005
2.29415 0.792375 -0.411706
2.30326 0.788705 -0.393471
2.31233 0.785221 -0.375343
2.32134 0.781919 -0.357316
2.33031 0.778796 -0.339388
2.33922 0.775849 -0.321554
2.34809 0.773075 -0.303812
2.35692 0.770471 -0.286156
2.36571 0.768034 -0.268584
2.37445 0.765762 -0.251091
2.38316 0.763651 -0.233673
2.39184 0.761699 -0.216326
2.40048 0.759905 -0.199046
2.40909 0.758265 -0.181828
2.41767 0.756779 -0.164669
2.42622 0.755444 -0.147564
2.43475 0.754258 -0.130509
2.44325 0.753221 -0.113499
2.45174 0.75233 -0.0965298
2.4602 0.751584 -0.0795969
2.46865 0.750983 -0.0626958
2.47709 0.750525 -0.0458218
2.48551 0.75021 -0.0289705
2.49393 0.750037 -0.0121371
2.50234 0.750005 0.00468294
2.51075 0.750116 0.0214942
2.51915 0.750367 0.0383014
2.52755 0.750759 0.0551091
2.53596 0.751293 0.071922
2.54437 0.751969 0.0887446
2.55279 0.752787 0.105582
2.56122 0.753748 0.122437
2.56966 0.754852 0.139317
2.57811 0.756101 0.156224
2.58658 0.757496 0.173163
2.59507 0.759038 0.19014
2.60358 0.760729 0.207157
2.61211 0.762569 0.22422
2.62067 0.76456 0.241333
2.62925 0.766706 0.2585
2.63786 0.769006 0.275725
2.64651 0.771464 0.293012
2.65518 0.774082 0.310365
2.66389 0.776861 0.327788
2.67264 0.779805 0.345285
2.68143 0.782917 0.36286
2.69026 0.786198 0.380517
2.69913 0.789652 0.398259
2.70804 0.793283 0.416089
2.71701 0.797092 0.434013
2.72602 0.801083 0.452032
2.73508 0.80526 0.47015
2.74419 0.809627 0.488372
2.75335 0.814186 0.506699
2.76257 0.818942 0.525135
2.77184 0.823898 0.543684
2.78117 0.829059 0.562349
2.79057 0.834429 0.581132
2.80002 0.840011 0.600036
2.80953 0.845811 0.619066
2.81911 0.851832 0.638223
2.82875 0.85808 0.65751
2.83847 0.864559 0.67693
2.84824 0.871273 0.696486
2.85809 0.878229 0.716182
2.86801 0.885431 0.736018
2.878 0.892884 0.755999
2.88806 0.900593 0.776126
2.8982 0.908564 0.796403
2.90842 0.916803 0.816831
2.91871 0.925316 0.837414
2.92908 0.934107 0.858154
2.93953 0.943184 0.879054
2.95006 0.952552 0.900115
2.96067 0.962217 0.92134
2.97137 0.972186 0.942733
2.98215 0.982466 0.964295
2.99301 0.993063 0.986028
3.00397 1.00398 1.00794
3.01501 1.01523 1.03002
3.02614 1.02682 1.05228
3.03736 1.03876 1.07473
3.04868 1.05105 1.09735
3.06008 1.06369 1.12017
3.07158 1.07671 1.14317
3.08318 1.0901 1.16636
3.09487 1.10387 1.18974
3.10666 1.11804 1.21333
3.11855 1.13261 1.2371
3.13054 1.14758 1.26108
3.14263 1.16298 1.28526
3.15482 1.1788 1.30965
3.16712 1.19505 1.33424
3.17952 1.21175 1.35905
3.19203 1.22891 1.38406
3.20465 1.24653 1.40929
3.21737 1.26462 1.43474
3.2302 1.2832 1.4604
3.24315 1.30227 1.48629
3.2562 1.32184 1.51241
3.26937 1.34194 1.53875
3.28266 1.36256 1.56532
3.29606 1.38371 1.59212
3.30958 1.40542 1.61916
3.32322 1.42769 1.64644
3.33698 1.45053 1.67396
3.35086 1.47396 1.70172
3.36486 1.49798 1.72972
3.37899 1.52262 1.75798
3.39324 1.54788 1.78648
3.40762 1.57378 1.81524
3.42213 1.60033 1.84426
3.43677 1.62754 1.87354
3.45154 1.65543 1.90308
3.46645 1.68402 1.93289
3.48149 1.71331 1.96297
3.49666 1.74333 1.99332
3.51197 1.77409 2.02395
3.52743 1.80561 2.05485
3.54302 1.83789 2.08604
3.55876 1.87097 2.11752
3.57464 1.90485 2.14928
3.59067 1.93955 2.18133
3.60684 1.9751 2.21368
3.62317 2.01151 2.24634
3.63964 2.04879 2.27929
3.65627 2.08697 2.31255
3.67306 2.12607 2.34612
3.69 2.16611 2.38
3.7071 2.2071 2.41421
3.72437 2.24907 2.44873
3.74179 2.29205 2.48358
3.75938 2.33605 2.51877
3.77714 2.38109 2.55428
3.79507 2.4272 2.59014
3.81317 2.47441 2.62633
3.83144 2.52273 2.66288
3.84989 2.57219 2.69977
3.86851 2.62283 2.73702
3.88732 2.67465 2.77464
3.90631 2.7277 2.81262
3.92548 2.782 2.85096
3.94484 2.83757 2.88969
3.9644 2.89445 2.92879
3.98414 2.95267 2.96828
4.00408 3.01225 3.00816
4.02422 3.07323 3.04843
4.04455 3.13565 3.08911
4.06509 3.19952 3.13019
4.08584 3.26489 3.17168
4.1068 3.3318 3.21359
4.12796 3.40027 3.25593
4.14935 3.47034 3.29869
4.17095 3.54206 3.34189
4.19277 3.61546 3.38553
4.21481 3.69058 3.42962
4.23708 3.76745 3.47416
4.25958 3.84613 3.51917
4.28232 3.92666 3.56464
4.30529 4.00907 3.61058
4.3285 4.09342 3.657
4.35196 4.17975 3.70392
4.37566 4.26811 3.75132
4.39962 4.35854 3.79923
4.42383 4.45111 3.84765
4.44829 4.54585 3.89659
4.47303 4.64283 3.94605
4.49802 4.74209 3.99605
4.52329 4.8437 4.04658
4.54883 4.94771 4.09766
4.57465 5.05419 4.14931
4.60076 5.16318 4.20152
4.62715 5.27476 4.2543
4.65383 5.38899 4.30767
4.68081 5.50594 4.36162
4.70809 5.62568 4.41619
4.73568 5.74826 4.47136
4.76358 5.87378 4.52715
4.79179 6.0023 4.58358
4.82032 6.1339 4.64065
4.84918 6.26866 4.69836
4.87837 6.40665 4.75674
4.9079 6.54797 4.8158
4.93777 6.6927 4.87553
4.96798 6.84093 4.93596
4.99855 6.99275 4.9971
5.02948 7.14825 5.05895
5.06077 7.30753 5.12153
5.09243 7.47069 5.18486
5.12447 7.63783 5.24893
5.15689 7.80906 5.31378
5.1897 7.98449 5.3794
5.22291 8.16423 5.44582
5.25652 8.34839 5.51304
5.29054 8.5371 5.58108
5.32497 8.73048 5.64995
5.35983 8.92865 5.71967
5.39513 9.13175 5.79025
5.43085 9.33991 5.86171
5.46703 9.55327 5.93406
5.50366 9.77197 6.00732
5.54075 9.99616 6.0815
5.57831 10.226 6.15662
5.61635 10.4616 6.2327
5.65487 10.7032 6.30975
5.69389 10.951 6.38779
5.73342 11.205 6.46684
5.77345 11.4655 6.54691
5.81401 11.7327 6.62803
5.8551 12.0067 6.71021
5.89674 12.2878 6.79347
5.93892 12.5762 6.87783
5.98166 12.872 6.96332
6.02497 13.1754 7.04995
6.06887 13.4868 7.13774
6.11336 13.8063 7.22671
6.15845 14.1342 7.31689
6.20415 14.4707 7.4083
6.25048 14.8161 7.50097
6.29745 15.1706 7.5949
6.34507 15.5346 7.69014
6.39335 15.9082 7.7867
6.4423 16.2917 7.8846
6.49194 16.6856 7.98388
6.54228 17.09 8.08456
6.59333 17.5054 8.18667
6.64511 17.932 8.29023
6.69763 18.3701 8.39527
6.75091 18.8202 8.50182
6.80496 19.2826 8.60991
6.85979 19.7577 8.71957
6.91542 20.2459 8.83083
6.97186 20.7476 8.94373
7 21 9


Solving function from 0 to 7
Final value, y=21
Math values: x^2 - 5 x + 7 =21
Steps taken: 367
