0.02 6.9004 -4.96
0.0436606 6.7836 -4.91268
0.069852 6.65562 -4.8603
0.0976548 6.52126 -4.80469
0.126397 6.38399 -4.74721
0.155619 6.24612 -4.68876
0.185017 6.10915 -4.62997
0.214396 5.97399 -4.57121
0.243633 5.84119 -4.51273
0.272654 5.71107 -4.45469
0.301412 5.58379 -4.39718
0.329881 5.45942 -4.34024
0.358047 5.33796 -4.28391
0.385903 5.21941 -4.22819
0.413445 5.10371 -4.17311
0.440675 4.99082 -4.11865
0.467595 4.88067 -4.06481
0.494208 4.7732 -4.01158
0.520517 4.66835 -3.95897
0.546527 4.56606 -3.90695
0.572242 4.46625 -3.85552
0.597668 4.36887 -3.80466
0.622807 4.27385 -3.75439
0.647665 4.18115 -3.70467
0.672246 4.09069 -3.65551
0.696554 4.00242 -3.60689
0.720593 3.91629 -3.55881
0.744369 3.83224 -3.51126
0.767884 3.75023 -3.46423
0.791143 3.67019 -3.41771
0.814149 3.59209 -3.3717
0.836907 3.51588 -3.32619
0.85942 3.4415 -3.28116
0.881692 3.36892 -3.23662
0.903726 3.29809 -3.19255
0.925527 3.22897 -3.14895
0.947097 3.16151 -3.10581
0.96844 3.09568 -3.06312
0.989559 3.03143 -3.02088
1.01046 2.96874 -2.97909
1.03114 2.90756 -2.93772
1.0516 2.84785 -2.89679
1.07186 2.78958 -2.85628
1.09191 2.73272 -2.81618
1.11175 2.67724 -2.7765
1.13139 2.6231 -2.73722
1.15083 2.57026 -2.69834
1.17007 2.51871 -2.65986
1.18912 2.4684 -2.62176
1.20798 2.41932 -2.58404
1.22665 2.37143 -2.54671
1.24513 2.3247 -2.50974
1.26343 2.27911 -2.47314
1.28155 2.23463 -2.43691
1.29948 2.19124 -2.40103
1.31724 2.14891 -2.36551
1.33483 2.10762 -2.33034
1.35225 2.06734 -2.29551
1.36949 2.02805 -2.26101
1.38657 1.98973 -2.22686
1.40348 1.95235 -2.19303
1.42023 1.9159 -2.15954
1.43682 1.88035 -2.12636
1.45325 1.84569 -2.0935
1.46952 1.81189 -2.06096
1.48564 1.77893 -2.02873
1.5016 1.74681 -1.9968
1.51741 1.71548 -1.96518
1.53307 1.68495 -1.93386
1.54859 1.65519 -1.90283
1.56395 1.62618 -1.87209
1.57918 1.59791 -1.84164
1.59426 1.57037 -1.81148
1.6092 1.54352 -1.7816
1.624 1.51737 -1.752
1.63867 1.4919 -1.72267
1.65319 1.46708 -1.69361
1.66759 1.44291 -1.66482
1.68185 1.41937 -1.6363
1.69598 1.39644 -1.60803
1.70998 1.37412 -1.58003
1.72386 1.3524 -1.55228
1.73761 1.33124 -1.52479
1.75123 1.31066 -1.49754
1.76473 1.29062 -1.47054
1.77811 1.27113 -1.44379
1.79136 1.25217 -1.41727
1.8045 1.23372 -1.391
1.81752 1.21578 -1.36496
1.83042 1.19833 -1.33915
1.84321 1.18137 -1.31357
1.85589 1.16488 -1.28822
1.86845 1.14885 -1.2631
1.8809 1.13328 -1.23819
1.89325 1.11815 -1.2135
1.90548 1.10345 -1.18904
1.91761 1.08918 -1.16478
1.92963 1.07532 -1.14073
1.94155 1.06187 -1.1169
1.95337 1.04881 -1.09327
1.96508 1.03614 -1.06984
1.97669 1.02385 -1.04661
1.98821 1.01193 -1.02359
1.99962 1.00038 -1.00075
2.01094 0.989177 -0.978114
2.02217 0.978324 -0.955665
2.0333 0.96781 -0.933403
2.04434 0.957629 -0.911327
2.05528 0.947773 -0.889433
2.06614 0.938234 -0.86772
2.07691 0.929007 -0.846184
2.08759 0.920083 -0.824822
2.09818 0.911456 -0.803633
2.10869 0.903121 -0.782613
2.11912 0.89507 -0.76176
2.12946 0.887297 -0.741071
2.13973 0.879796 -0.720544
2.14991 0.872561 -0.700175
2.16002 0.865587 -0.679962
2.17005 0.858868 -0.659903
2.18 0.852398 -0.639993
2.18988 0.846172 -0.620231
2.19969 0.840184 -0.600613
2.20943 0.83443 -0.581137
2.2191 0.828904 -0.561799
2.2287 0.823603 -0.542596
2.23824 0.81852 -0.523526
2.24771 0.813652 -0.504586
2.25711 0.808993 -0.485771
2.26646 0.804541 -0.467079
2.27575 0.800289 -0.448506
2.28498 0.796236 -0.43005
2.29415 0.792375 -0.411706
2.30326 0.788705 -0.393471
2.31233 0.785221 -0.375343
2.32134 0.781919 -0.357316
2.33031 0.778796 -0.339388
2.33922 0.775849 -0.321554
2.34809 0.773075 -0.303812
2.35692 0.770471 -0.286156
2.36571 0.768034 -0.268584
2.37445 0.765762 -0.251091
2.38316 0.763651 -0.233673
2.39184 0.761699 -0.216326
2.40048 0.759905 -0.199046
2.40909 0.758265 -0.181828
2.41767 0.756779 -0.164669
2.42622 0.755444 -0.147564
2.43475 0.754258 -0.130509
2.44325 0.753221 -0.113499
2.45174 0.75233 -0.0965298
2.4602 0.751584 -0.0795969
2.46865 0.750983 -0.0626958
2.47709 0.750525 -0.0458218
2.48551 0.75021 -0.0289705
2.49393 0.750037 -0.0121371
2.50234 0.750005 0.00468294
2.51075 0.750116 0.0214942
2.51915 0.750367 0.0383014
2.52755 0.750759 0.0551091
2.53596 0.751293 0.071922
2.54437 0.751969 0.0887446
2.55279 0.752787 0.105582
2.56122 0.753748 0.122437
2.56966 0.754852 0.139317
2.57811 0.756101 0.156224
2.58658 0.757496 0.173163
2.59507 0.759038 0.19014
2.60358 0.760729 0.207157
2.61211 0.762569 0.22422
2.62067 0.76456 0.241333
2.62925 0.766706 0.2585
2.63786 0.769006 0.275725
2.64651 0.771464 0.293012
2.65518 0.774082 0.310365
2.66389 0.776861 0.327788
2.67264 0.779805 0.345285
2.68143 0.782917 0.36286
2.69026 0.786198 0.380517
2.69913 0.789652 0.398259
2.70804 0.793283 0.416089
2.71701 0.797092 0.434013
2.72602 0.801083 0.452032
2.73508 0.80526 0.47015
2.74419 0.809627 0.488372
2.75335 0.814186 0.506699
2.76257 0.818942 0.525135
2.77184 0.823898 0.543684
2.78117 0.829059 0.562349
2.79057 0.834429 0.581132
2.80002 0.840011 0.600036
2.80953 0.845811 0.619066
2.81911 0.851832 0.638223
2.82875 0.85808 0.65751
2.83847 0.864559 0.67693
2.84824 0.871273 0.696486
2.85809 0.878229 0.716182
2.86801 0.885431 0.736018
2.878 0.892884 0.755999
2.88806 0.900593 0.776126
2.8982 0.908564 0.796403
2.90842 0.916803 0.816831
2.91871 0.925316 0.837414
2.92908 0.934107 0.858154
2.93953 0.943184 0.879054
2.95006 0.952552 0.900115
2.96067 0.962217 0.92134
2.97137 0.972186 0.942733
2.98215 0.982466 0.964295
2.99301 0.993063 0.986028
3.00397 1.00398 1.00794
3.01501 1.01523 1.03002
3.02614 1.02682 1.05228
3.03736 1.03876 1.07473
3.04868 1.05105 1.09735
3.06008 1.06369 1.12017
3.07158 1.07671 1.14317
3.08318 1.0901 1.16636
3.09487 1.10387 1.18974
3.10666 1.11804 1.21333
3.11855 1.13261 1.2371
3.13054 1.14758 1.26108
3.14263 1.16298 1.28526
3.15482 1.1788 1.30965
3.16712 1.19505 1.33424
3.17952 1.21175 1.35905
3.19203 1.22891 1.38406
3.20465 1.24653 1.40929
3.21737 1.26462 1.43474
3.2302 1.2832 1.4604
3.24315 1.30227 1.48629
3.2562 1.32184 1.51241
3.26937 1.34194 1.53875
3.28266 1.36256 1.56532
3.29606 1.38371 1.59212
3.30958 1.40542 1.61916
3.32322 1.42769 1.64644
3.33698 1.45053 1.67396
3.35086 1.47396 1.70172
3.36486 1.49798 1.72972
3.37899 1.52262 1.75798
3.39324 1.54788 1.78648
3.40762 1.57378 1.81524
3.42213 1.60033 1.84426
3.43677 1.62754 1.87354
3.45154 1.65543 1.90308
3.46645 1.68402 1.93289
3.48149 1.71331 1.96297
3.49666 1.74333 1.99332
3.51197 1.77409 2.02395
3.52743 1.80561 2.05485
3.54302 1.83789 2.08604
3.55876 1.87097 2.11752
3.57464 1.90485 2.14928
3.59067 1.93955 2.18133
3.60684 1.9751 2.21368
3.62317 2.01151 2.24634
3.63964 2.04879 2.27929
3.65627 2.08697 2.31255
3.67306 2.12607 2.34612
3.69 2.16611 2.38
3.7071 2.2071 2.41421
3.72437 2.24907 2.44873
3.74179 2.29205 2.48358
3.75938 2.33605 2.51877
3.77714 2.38109 2.55428
3.79507 2.4272 2.59014
3.81317 2.47441 2.62633
3.83144 2.52273 2.66288
3.84989 2.57219 2.69977
3.86851 2.62283 2.73702
3.88732 2.67465 2.77464
3.90631 2.7277 2.81262
3.92548 2.782 2.85096
3.94484 2.83757 2.88969
3.9644 2.89445 2.92879
3.98414 2.95267 2.96828
4.00408 3.01225 3.00816
4.02422 3.07323 3.04843
4.04455 3.13565 3.08911
4.06509 3.19952 3.13019
4.08584 3.26489 3.17168
4.1068 3.3318 3.21359
4.12796 3.40027 3.25593
4.14935 3.47034 3.29869
4.17095 3.54206 3.34189
4.19277 3.61546 3.38553
4.21481 3.69058 3.42962
4.23708 3.76745 3.47416
4.25958 3.84613 3.51917
4.28232 3.92666 3.56464
4.30529 4.00907 3.61058
4.3285 4.09342 3.657
4.35196 4.17975 3.70392
4.37566 4.26811 3.75132
4.39962 4.35854 3.79923
4.42383 4.45111 3.84765
4.44829 4.54585 3.89659
4.47303 4.64283 3.94605
4.49802 4.74209 3.99605
4.52329 4.8437 4.04658
4.54883 4.94771 4.09766
4.57465 5.05419 4.14931
4.60076 5.16318 4.20152
4.62715 5.27476 4.2543
4.65383 5.38899 4.30767
4.68081 5.50594 4.36162
4.70809 5.62568 4.41619
4.73568 5.74826 4.47136
4.76358 5.87378 4.52715
4.79179 6.0023 4.58358
4.82032 6.1339 4.64065
4.84918 6.26866 4.69836
4.87837 6.40665 4.75674
4.9079 6.54797 4.8158
4.93777 6.6927 4.87553
4.96798 6.84093 4.93596
4.99855 6.99275 4.9971
5.02948 7.14825 5.05895
5.06077 7.30753 5.12153
5.09243 7.47069 5.18486
5.12447 7.63783 5.24893
5.15689 7.80906 5.31378
5.1897 7.98449 5.3794
5.22291 8.16423 5.44582
5.25652 8.34839 5.51304
5.29054 8.5371 5.58108
5.32497 8.73048 5.64995
5.35983 8.92865 5.71967
5.39513 9.13175 5.79025
5.43085 9.33991 5.86171
5.46703 9.55327 5.93406
5.50366 9.77197 6.00732
5.54075 9.99616 6.0815
5.57831 10.226 6.15662
5.61635 10.4616 6.2327
5.65487 10.7032 6.30975
5.69389 10.951 6.38779
5.73342 11.205 6.46684
5.77345 11.4655 6.54691
5.81401 11.7327 6.62803
5.8551 12.0067 6.71021
5.89674 12.2878 6.79347
5.93892 12.5762 6.87783
5.98166 12.872 6.96332
6.02497 13.1754 7.04995
6.06887 13.4868 7.13774
6.11336 13.8063 7.22671
6.15845 14.1342 7.31689
6.20415 14.4707 7.4083
6.25048 14.8161 7.50097
6.29745 15.1706 7.5949
6.34507 15.5346 7.69014
6.39335 15.9082 7.7867
6.4423 16.2917 7.8846
6.49194 16.6856 7.98388
6.54228 17.09 8.08456
6.59333 17.5054 8.18667
6.64511 17.932 8.29023
6.69763 18.3701 8.39527
6.75091 18.8202 8.50182
6.80496 19.2826 8.60991
6.85979 19.7577 8.71957
6.91542 20.2459 8.83083
6.97186 20.7476 8.94373
7 21 9
