0.0171961 0.0171961 0.999852
0.0337789 0.0337741 0.99943
0.0499897 0.0499712 0.998751
0.0659722 0.0659273 0.997824
0.0818136 0.081726 0.996655
0.0975675 0.097417 0.995244
0.113267 0.11303 0.993592
0.128932 0.128581 0.991699
0.144577 0.14408 0.989566
0.160208 0.15953 0.987193
0.175831 0.174933 0.98458
0.191448 0.190289 0.981728
0.207063 0.205595 0.978637
0.222675 0.220849 0.975308
0.238286 0.236048 0.971742
0.253897 0.251188 0.967938
0.269507 0.266267 0.9639
0.285116 0.28128 0.959626
0.300726 0.296225 0.955118
0.316335 0.311098 0.950378
0.331944 0.325895 0.945406
0.347553 0.340612 0.940204
0.363162 0.355246 0.934773
0.378771 0.369794 0.929114
0.394381 0.384252 0.923229
0.40999 0.398616 0.917118
0.425599 0.412882 0.910785
0.441208 0.427049 0.904229
0.456817 0.441111 0.897453
0.472426 0.455065 0.890458
0.488035 0.468909 0.883247
0.503644 0.482639 0.87582
0.519253 0.496251 0.86818
0.534862 0.509742 0.860328
0.550471 0.523109 0.852266
0.56608 0.536348 0.843997
0.58169 0.549457 0.835523
0.597299 0.562431 0.826844
0.612908 0.575269 0.817965
0.628517 0.587967 0.808886
0.644126 0.600521 0.799609
0.659735 0.612929 0.790138
0.675344 0.625188 0.780475
0.690953 0.637294 0.770621
0.706562 0.649245 0.76058
0.722171 0.661038 0.750353
0.73778 0.67267 0.739943
0.753389 0.684138 0.729353
0.768998 0.695439 0.718586
0.784608 0.706571 0.707643
0.800217 0.71753 0.696528
0.815826 0.728315 0.685243
0.831435 0.738922 0.673791
0.847044 0.749349 0.662175
0.862653 0.759594 0.650398
0.878262 0.769654 0.638462
0.893871 0.779526 0.626371
0.90948 0.789208 0.614127
0.925089 0.798698 0.601733
0.940698 0.807993 0.589193
0.956307 0.817091 0.576509
0.971916 0.82599 0.563685
0.987525 0.834688 0.550723
1.00313 0.843183 0.537628
1.01874 0.851472 0.524401
1.03435 0.859554 0.511046
1.04996 0.867426 0.497567
1.06557 0.875087 0.483967
1.08118 0.882535 0.470249
1.09679 0.889767 0.456416
1.1124 0.896783 0.442472
1.12801 0.90358 0.42842
1.14362 0.910158 0.414264
1.15923 0.916513 0.400006
1.17483 0.922645 0.385652
1.19044 0.928552 0.371203
1.20605 0.934233 0.356664
1.22166 0.939687 0.342038
1.23727 0.944911 0.327329
1.25288 0.949905 0.31254
1.26849 0.954668 0.297674
1.2841 0.959198 0.282737
1.29971 0.963495 0.26773
1.31532 0.967556 0.252658
1.33093 0.971382 0.237525
1.34653 0.974971 0.222333
1.36214 0.978323 0.207088
1.37775 0.981436 0.191792
1.39336 0.98431 0.176449
1.40897 0.986945 0.161064
1.42458 0.989339 0.145639
1.44019 0.991491 0.130178
1.4558 0.993402 0.114686
1.47141 0.995072 0.0991662
1.48702 0.996498 0.083622
1.50262 0.997682 0.0680574
1.51823 0.998623 0.0524762
1.53384 0.99932 0.0368822
1.54945 0.999774 0.0212792
1.56506 0.999985 0.00567111
1.58067 0.999951 -0.00993842
1.59628 0.999674 -0.0255455
1.61189 0.999154 -0.0411464
1.6275 0.99839 -0.0567373
1.64311 0.997383 -0.0723143
1.65872 0.996132 -0.0878737
1.67432 0.994639 -0.103412
1.68993 0.992904 -0.118925
1.70554 0.990927 -0.134408
1.72115 0.988708 -0.149859
1.73676 0.986249 -0.165274
1.75237 0.983549 -0.180648
1.76798 0.980609 -0.195979
1.78359 0.977431 -0.211261
1.7992 0.974014 -0.226492
1.81481 0.97036 -0.241668
1.83042 0.966469 -0.256785
1.84602 0.962344 -0.271839
1.86163 0.957983 -0.286828
1.87724 0.953389 -0.301746
1.89285 0.948563 -0.316591
1.90846 0.943506 -0.331358
1.92407 0.938219 -0.346045
1.93968 0.932703 -0.360648
1.95529 0.92696 -0.375162
1.9709 0.920991 -0.389586
1.98651 0.914798 -0.403914
2.00212 0.908382 -0.418144
2.01772 0.901744 -0.432272
2.03333 0.894887 -0.446295
2.04894 0.887812 -0.460209
2.06455 0.88052 -0.474011
2.08016 0.873014 -0.487697
2.09577 0.865295 -0.501265
2.11138 0.857366 -0.51471
2.12699 0.849227 -0.52803
2.1426 0.840881 -0.541221
2.15821 0.832331 -0.554281
2.17382 0.823578 -0.567205
2.18942 0.814624 -0.579991
2.20503 0.805472 -0.592636
2.22064 0.796123 -0.605137
2.23625 0.78658 -0.61749
2.25186 0.776846 -0.629692
2.26747 0.766923 -0.641741
2.28308 0.756812 -0.653634
2.29869 0.746517 -0.665368
2.3143 0.736041 -0.676939
2.32991 0.725385 -0.688345
2.34551 0.714552 -0.699584
2.36112 0.703545 -0.710652
2.37673 0.692367 -0.721548
2.39234 0.68102 -0.732267
2.40795 0.669507 -0.742808
2.42356 0.65783 -0.753168
2.43917 0.645994 -0.763344
2.45478 0.634 -0.773334
2.47039 0.621852 -0.783136
2.486 0.609552 -0.792747
2.50161 0.597104 -0.802165
2.51721 0.58451 -0.811388
2.53282 0.571774 -0.820413
2.54843 0.558898 -0.829238
2.56404 0.545887 -0.837861
2.57965 0.532742 -0.846279
2.59526 0.519467 -0.854492
2.61087 0.506066 -0.862496
2.62648 0.492542 -0.87029
2.64209 0.478897 -0.877872
2.6577 0.465136 -0.885241
2.67331 0.451262 -0.892393
2.68891 0.437277 -0.899328
2.70452 0.423187 -0.906044
2.72013 0.408992 -0.912539
2.73574 0.394699 -0.918812
2.75135 0.380309 -0.924861
2.76696 0.365826 -0.930685
2.78257 0.351255 -0.936281
2.79818 0.336597 -0.94165
2.81379 0.321858 -0.946789
2.8294 0.30704 -0.951698
2.84501 0.292148 -0.956375
2.86061 0.277184 -0.960818
2.87622 0.262153 -0.965028
2.89183 0.247058 -0.969002
2.90744 0.231902 -0.97274
2.92305 0.216691 -0.976242
2.93866 0.201426 -0.979505
2.95427 0.186112 -0.98253
2.96988 0.170753 -0.985315
2.98549 0.155353 -0.987861
3.0011 0.139914 -0.990165
3.01671 0.124441 -0.992228
3.03231 0.108938 -0.99405
3.04792 0.093409 -0.995629
3.06353 0.0778568 -0.996966
3.07914 0.0622856 -0.99806
3.09475 0.0466992 -0.99891
3.11036 0.0311015 -0.999518
3.12597 0.0154961 -0.999881
3.14158 -0.000112988 -1
3.15719 -0.0157221 -0.999878
3.1728 -0.0313273 -0.999511
3.1884 -0.0469249 -0.9989
3.20401 -0.0625111 -0.998046
3.21962 -0.0780821 -0.996948
3.23523 -0.093634 -0.995608
3.25084 -0.109163 -0.994025
3.26645 -0.124666 -0.9922
3.28206 -0.140138 -0.990134
3.29767 -0.155576 -0.987826
3.31328 -0.170976 -0.985277
3.32889 -0.186334 -0.982488
3.3445 -0.201647 -0.97946
3.3601 -0.216911 -0.976193
3.37571 -0.232122 -0.972688
3.39132 -0.247277 -0.968947
3.40693 -0.262371 -0.964969
3.42254 -0.277401 -0.960756
3.43815 -0.292364 -0.956309
3.45376 -0.307255 -0.951629
3.46937 -0.322072 -0.946717
3.48498 -0.33681 -0.941574
3.50059 -0.351466 -0.936202
3.5162 -0.366037 -0.930602
3.5318 -0.380518 -0.924775
3.54741 -0.394906 -0.918723
3.56302 -0.409199 -0.912447
3.57863 -0.423391 -0.905949
3.59424 -0.437481 -0.89923
3.60985 -0.451464 -0.892291
3.62546 -0.465337 -0.885136
3.64107 -0.479096 -0.877764
3.65668 -0.492739 -0.870179
3.67229 -0.506261 -0.862382
3.6879 -0.519661 -0.854375
3.7035 -0.532933 -0.846159
3.71911 -0.546076 -0.837738
3.73472 -0.559086 -0.829112
3.75033 -0.57196 -0.820284
3.76594 -0.584694 -0.811256
3.78155 -0.597285 -0.802031
3.79716 -0.609732 -0.79261
3.81277 -0.622029 -0.782996
3.82838 -0.634175 -0.773192
3.84399 -0.646167 -0.763199
3.8596 -0.658001 -0.753019
3.8752 -0.669675 -0.742657
3.89081 -0.681185 -0.732113
3.90642 -0.69253 -0.721392
3.92203 -0.703706 -0.710494
3.93764 -0.71471 -0.699423
3.95325 -0.725541 -0.688182
3.96886 -0.736194 -0.676773
3.98447 -0.746668 -0.665199
4.00008 -0.75696 -0.653464
4.01569 -0.767068 -0.641569
4.03129 -0.776989 -0.629517
4.0469 -0.786721 -0.617312
4.06251 -0.79626 -0.604957
4.07812 -0.805606 -0.592455
4.09373 -0.814756 -0.579808
4.10934 -0.823707 -0.56702
4.12495 -0.832457 -0.554093
4.14056 -0.841004 -0.541032
4.15617 -0.849347 -0.527839
4.17178 -0.857483 -0.514517
4.18739 -0.865409 -0.50107
4.20299 -0.873125 -0.4875
4.2186 -0.880628 -0.473812
4.23421 -0.887917 -0.460009
4.24982 -0.894989 -0.446093
4.26543 -0.901843 -0.432069
4.28104 -0.908477 -0.417939
4.29665 -0.91489 -0.403708
4.31226 -0.92108 -0.389378
4.32787 -0.927046 -0.374953
4.34348 -0.932786 -0.360437
4.35909 -0.938298 -0.345834
4.37469 -0.943582 -0.331146
4.3903 -0.948636 -0.316377
4.40591 -0.953459 -0.301531
4.42152 -0.958049 -0.286612
4.43713 -0.962406 -0.271622
4.45274 -0.966529 -0.256567
4.46835 -0.970416 -0.241449
4.48396 -0.974066 -0.226272
4.49957 -0.977479 -0.211041
4.51518 -0.980655 -0.195757
4.53079 -0.983591 -0.180426
4.54639 -0.986287 -0.165052
4.562 -0.988743 -0.149636
4.57761 -0.990959 -0.134185
4.59322 -0.992932 -0.118701
4.60883 -0.994664 -0.103187
4.62444 -0.996154 -0.087649
4.64005 -0.9974 -0.0720892
4.65566 -0.998404 -0.056512
4.67127 -0.999165 -0.0409209
4.68688 -0.999682 -0.0253199
4.70248 -0.999955 -0.00971273
4.71809 -0.999985 0.00589682
4.7337 -0.999771 0.0215049
4.74931 -0.999314 0.0371078
4.76492 -0.998613 0.0527016
4.78053 -0.997668 0.0682826
4.79614 -0.996481 0.083847
4.81175 -0.995051 0.0993909
4.82736 -0.993378 0.114911
4.84297 -0.991463 0.130402
4.85858 -0.989307 0.145862
4.87418 -0.98691 0.161287
4.88979 -0.984272 0.176672
4.9054 -0.981395 0.192014
4.92101 -0.978278 0.207309
4.93662 -0.974923 0.222554
4.95223 -0.97133 0.237744
4.96784 -0.967501 0.252877
4.98345 -0.963436 0.267948
4.99906 -0.959136 0.282954
5.01467 -0.954603 0.29789
5.03028 -0.949837 0.312755
5.04588 -0.944839 0.327543
5.06149 -0.939611 0.342251
5.0771 -0.934155 0.356875
5.09271 -0.92847 0.371413
5.10832 -0.92256 0.385861
5.12393 -0.916424 0.400214
5.13954 -0.910066 0.41447
5.15515 -0.903485 0.428624
5.17076 -0.896685 0.442675
5.18637 -0.889666 0.456617
5.20198 -0.88243 0.470448
5.21758 -0.87498 0.484165
5.23319 -0.867316 0.497764
5.2488 -0.85944 0.511241
5.26441 -0.851356 0.524594
5.28002 -0.843063 0.537819
5.29563 -0.834566 0.550913
5.31124 -0.825865 0.563872
5.32685 -0.816963 0.576695
5.34246 -0.807862 0.589376
5.35807 -0.798564 0.601915
5.37367 -0.789071 0.614306
5.38928 -0.779386 0.626548
5.40489 -0.769511 0.638637
5.4205 -0.759449 0.650571
5.43611 -0.749202 0.662346
5.45172 -0.738772 0.673959
5.46733 -0.728162 0.685409
5.48294 -0.717375 0.696691
5.49855 -0.706413 0.707804
5.51416 -0.695278 0.718744
5.52977 -0.683975 0.729509
5.54537 -0.672504 0.740097
5.56098 -0.66087 0.750504
5.57659 -0.649075 0.760728
5.5922 -0.637122 0.770767
5.60781 -0.625013 0.780618
5.62342 -0.612752 0.790278
5.63903 -0.600342 0.799747
5.65464 -0.587786 0.80902
5.67025 -0.575086 0.818096
5.68586 -0.562246 0.826973
5.70147 -0.54927 0.835648
5.71707 -0.536159 0.84412
5.73268 -0.522918 0.852386
5.74829 -0.509549 0.860445
5.7639 -0.496056 0.868294
5.77951 -0.482443 0.875931
5.79512 -0.468711 0.883354
5.81073 -0.454866 0.890563
5.82634 -0.44091 0.897555
5.84195 -0.426846 0.904327
5.85756 -0.412678 0.91088
5.87316 -0.39841 0.91721
5.88877 -0.384045 0.923318
5.90438 -0.369586 0.9292
5.91999 -0.355037 0.934855
5.9356 -0.340401 0.940283
5.95121 -0.325683 0.945482
5.96682 -0.310885 0.95045
5.98243 -0.296012 0.955187
5.99804 -0.281066 0.959691
6.01365 -0.266052 0.963962
6.02926 -0.250973 0.967997
6.04486 -0.235833 0.971797
6.06047 -0.220635 0.975359
6.07608 -0.205384 0.978684
6.09169 -0.190083 0.981771
6.1073 -0.174735 0.984618
6.12291 -0.159345 0.987226
6.13852 -0.143916 0.989593
6.15413 -0.128451 0.991719
6.16974 -0.112956 0.993603
6.18535 -0.0974329 0.995245
6.20096 -0.0818862 0.996645
6.21656 -0.0663196 0.997801
6.23217 -0.0507367 0.998715
6.24778 -0.0351415 0.999385
6.26339 -0.0195378 0.999812
6.279 -0.00392926 0.999995
6.28 -0.00292999 0.999999
