0.1 -15.3 1.04
1.33 0.32 0.594
2.55 2.45 0.983
3.78 2.75 0.998
5 2.27 1.11
6.22 1.35 0.398
7.45 0.157 0.535
8.68 -1.23 0.968
9.9 -2.75 0.478


0 -inf -inf -inf 
0.01 -26.0871 -24.645 -27.5292 
0.02 -22.3563 -21.2079 -23.5047 
0.03 -20.1791 -19.2031 -21.1551 
0.04 -18.638 -17.7847 -19.4912 
0.05 -17.4453 -16.6876 -18.203 
0.06 -16.4731 -15.7937 -17.1525 
0.07 -15.653 -15.0401 -16.266 
0.08 -14.9443 -14.3891 -15.4995 
0.09 -14.3206 -13.8165 -14.8248 
0.1 -13.764 -13.3058 -14.2223 
0.11 -13.2617 -12.8451 -13.6783 
0.12 -12.8042 -12.4257 -13.1827 
0.13 -12.3843 -12.041 -12.7276 
0.14 -11.9965 -11.6859 -12.3071 
0.15 -11.6363 -11.3562 -11.9164 
0.16 -11.3001 -11.0487 -11.5516 
0.17 -10.9851 -10.7607 -11.2095 
0.18 -10.6888 -10.4899 -10.8877 
0.19 -10.4092 -10.2346 -10.5839 
0.2 -10.1446 -9.99303 -10.2962 
0.21 -9.89348 -9.76393 -10.023 
0.22 -9.65464 -9.54614 -9.76313 
0.23 -9.42696 -9.33865 -9.51526 
0.24 -9.20949 -9.14057 -9.27841 
0.25 -9.00141 -8.95115 -9.05168 
0.26 -8.80198 -8.7697 -8.83427 
0.27 -8.61055 -8.59561 -8.62548 
0.28 -8.42652 -8.42837 -8.42468 
0.29 -8.24939 -8.26747 -8.2313 
0.3 -8.07868 -8.1125 -8.04486 
0.31 -7.91398 -7.96307 -7.86489 
0.32 -7.7549 -7.81882 -7.69098 
0.33 -7.60109 -7.67943 -7.52275 
0.34 -7.45225 -7.54461 -7.35988 
0.35 -7.30808 -7.41411 -7.20204 
0.36 -7.16832 -7.28767 -7.04896 
0.37 -7.03272 -7.16507 -6.90038 
0.38 -6.90108 -7.04611 -6.75604 
0.39 -6.77317 -6.9306 -6.61574 
0.4 -6.64882 -6.81837 -6.47927 
0.41 -6.52784 -6.70925 -6.34644 
0.42 -6.41008 -6.60308 -6.21707 
0.43 -6.29538 -6.49975 -6.09101 
0.44 -6.1836 -6.3991 -5.96809 
0.45 -6.07461 -6.30103 -5.84818 
0.46 -5.96828 -6.20542 -5.73115 
0.47 -5.86451 -6.11216 -5.61687 
0.48 -5.76319 -6.02115 -5.50522 
0.49 -5.66421 -5.93231 -5.3961 
0.5 -5.56748 -5.84554 -5.28941 
0.51 -5.4729 -5.76076 -5.18505 
0.52 -5.38041 -5.6779 -5.08292 
0.53 -5.28991 -5.59688 -4.98295 
0.54 -5.20134 -5.51763 -4.88506 
0.55 -5.11462 -5.44008 -4.78915 
0.56 -5.02968 -5.36419 -4.69518 
0.57 -4.94647 -5.28988 -4.60306 
0.58 -4.86492 -5.2171 -4.51273 
0.59 -4.78497 -5.14581 -4.42413 
0.6 -4.70658 -5.07594 -4.33721 
0.61 -4.62968 -5.00746 -4.2519 
0.62 -4.55424 -4.94032 -4.16816 
0.63 -4.4802 -4.87447 -4.08593 
0.64 -4.40753 -4.80988 -4.00517 
0.65 -4.33617 -4.7465 -3.92584 
0.66 -4.26609 -4.6843 -3.84788 
0.67 -4.19725 -4.62324 -3.77125 
0.68 -4.12961 -4.56329 -3.69593 
0.69 -4.06314 -4.50442 -3.62186 
0.7 -3.99781 -4.4466 -3.54901 
0.71 -3.93357 -4.38979 -3.47736 
0.72 -3.87041 -4.33397 -3.40686 
0.73 -3.80829 -4.27911 -3.33748 
0.74 -3.74719 -4.22518 -3.26919 
0.75 -3.68707 -4.17216 -3.20197 
0.76 -3.62791 -4.12003 -3.13578 
0.77 -3.56968 -4.06876 -3.0706 
0.78 -3.51237 -4.01833 -3.00641 
0.79 -3.45594 -3.96872 -2.94317 
0.8 -3.40038 -3.9199 -2.88086 
0.81 -3.34566 -3.87187 -2.81946 
0.82 -3.29177 -3.82459 -2.75895 
0.83 -3.23868 -3.77805 -2.69931 
0.84 -3.18637 -3.73224 -2.64051 
0.85 -3.13483 -3.68713 -2.58253 
0.86 -3.08404 -3.64271 -2.52537 
0.87 -3.03398 -3.59897 -2.46898 
0.88 -2.98463 -3.55588 -2.41337 
0.89 -2.93597 -3.51343 -2.35851 
0.9 -2.888 -3.47162 -2.30439 
0.91 -2.8407 -3.43041 -2.25098 
0.92 -2.79405 -3.38981 -2.19828 
0.93 -2.74803 -3.3498 -2.14626 
0.94 -2.70264 -3.31036 -2.09492 
0.95 -2.65786 -3.27149 -2.04424 
0.96 -2.61368 -3.23317 -1.9942 
0.97 -2.57009 -3.19539 -1.94479 
0.98 -2.52707 -3.15813 -1.89601 
0.99 -2.48461 -3.1214 -1.84783 
1 -2.44271 -3.08517 -1.80024 
1.01 -2.40134 -3.04944 -1.75323 
1.02 -2.3605 -3.0142 -1.7068 
1.03 -2.32018 -2.97944 -1.66092 
1.04 -2.28037 -2.94515 -1.6156 
1.05 -2.24106 -2.91132 -1.57081 
1.06 -2.20224 -2.87794 -1.52655 
1.07 -2.1639 -2.845 -1.48281 
1.08 -2.12604 -2.8125 -1.43958 
1.09 -2.08863 -2.78042 -1.39684 
1.1 -2.05168 -2.74876 -1.3546 
1.11 -2.01518 -2.71752 -1.31284 
1.12 -1.97911 -2.68668 -1.27155 
1.13 -1.94348 -2.65623 -1.23072 
1.14 -1.90827 -2.62618 -1.19035 
1.15 -1.87347 -2.59651 -1.15043 
1.16 -1.83908 -2.56721 -1.11095 
1.17 -1.80509 -2.53829 -1.0719 
1.18 -1.7715 -2.50973 -1.03327 
1.19 -1.7383 -2.48153 -0.995069 
1.2 -1.70547 -2.45367 -0.957275 
1.21 -1.67303 -2.42617 -0.919884 
1.22 -1.64095 -2.399 -0.882892 
1.23 -1.60923 -2.37217 -0.846291 
1.24 -1.57787 -2.34567 -0.810074 
1.25 -1.54686 -2.31949 -0.774236 
1.26 -1.5162 -2.29363 -0.738771 
1.27 -1.48588 -2.26808 -0.703672 
1.28 -1.45589 -2.24284 -0.668935 
1.29 -1.42623 -2.21791 -0.634553 
1.3 -1.3969 -2.19328 -0.60052 
1.31 -1.36788 -2.16894 -0.566832 
1.32 -1.33918 -2.14489 -0.533484 
1.33 -1.31079 -2.12112 -0.500469 
1.34 -1.28271 -2.09764 -0.467784 
1.35 -1.25493 -2.07443 -0.435423 
1.36 -1.22744 -2.0515 -0.403381 
1.37 -1.20025 -2.02884 -0.371654 
1.38 -1.17334 -2.00644 -0.340237 
1.39 -1.14671 -1.9843 -0.309126 
1.4 -1.12037 -1.96242 -0.278317 
1.41 -1.0943 -1.9408 -0.247804 
1.42 -1.0685 -1.91942 -0.217584 
1.43 -1.04297 -1.8983 -0.187653 
1.44 -1.01771 -1.87741 -0.158007 
1.45 -0.992705 -1.85677 -0.128641 
1.46 -0.967957 -1.83636 -0.0995524 
1.47 -0.943462 -1.81619 -0.0707368 
1.48 -0.919218 -1.79624 -0.0421907 
1.49 -0.89522 -1.77653 -0.0139103 
1.5 -0.871465 -1.75704 0.0141078 
1.51 -0.84795 -1.73777 0.0418672 
1.52 -0.824672 -1.71871 0.0693713 
1.53 -0.801628 -1.69988 0.0966233 
1.54 -0.778814 -1.68125 0.123627 
1.55 -0.756228 -1.66284 0.150385 
1.56 -0.733867 -1.64463 0.1769 
1.57 -0.711728 -1.62663 0.203176 
1.58 -0.689808 -1.60883 0.229216 
1.59 -0.668104 -1.59123 0.255023 
1.6 -0.646614 -1.57383 0.2806 
1.61 -0.625334 -1.55662 0.305949 
1.62 -0.604263 -1.5396 0.331074 
1.63 -0.583398 -1.52277 0.355976 
1.64 -0.562736 -1.50613 0.38066 
1.65 -0.542275 -1.48968 0.405127 
1.66 -0.522013 -1.47341 0.429381 
1.67 -0.501946 -1.45731 0.453423 
1.68 -0.482073 -1.4414 0.477256 
1.69 -0.462391 -1.42566 0.500883 
1.7 -0.442898 -1.4101 0.524306 
1.71 -0.423592 -1.39471 0.547528 
1.72 -0.404471 -1.37949 0.570551 
1.73 -0.385533 -1.36444 0.593376 
1.74 -0.366774 -1.34956 0.616008 
1.75 -0.348195 -1.33484 0.638447 
1.76 -0.329791 -1.32028 0.660696 
1.77 -0.311562 -1.30588 0.682757 
1.78 -0.293505 -1.29164 0.704632 
1.79 -0.275619 -1.27756 0.726323 
1.8 -0.257901 -1.26363 0.747833 
1.81 -0.24035 -1.24986 0.769163 
1.82 -0.222964 -1.23624 0.790315 
1.83 -0.20574 -1.22277 0.811292 
1.84 -0.188678 -1.20945 0.832094 
1.85 -0.171776 -1.19628 0.852725 
1.86 -0.155031 -1.18325 0.873186 
1.87 -0.138442 -1.17036 0.893478 
1.88 -0.122008 -1.15762 0.913604 
1.89 -0.105727 -1.14502 0.933565 
1.9 -0.0895966 -1.13256 0.953363 
1.91 -0.0736159 -1.12023 0.973 
1.92 -0.0577833 -1.10804 0.992477 
1.93 -0.0420972 -1.09599 1.0118 
1.94 -0.0265561 -1.08407 1.03096 
1.95 -0.0111584 -1.07228 1.04997 
1.96 0.0040972 -1.06063 1.06882 
1.97 0.0192123 -1.0491 1.08753 
1.98 0.0341882 -1.0377 1.10608 
1.99 0.0490263 -1.02643 1.12449 
2 0.0637281 -1.01529 1.14274 
2.01 0.0782949 -1.00427 1.16086 
2.02 0.0927281 -0.993369 1.17883 
2.03 0.107029 -0.982593 1.19665 
2.04 0.121199 -0.971939 1.21434 
2.05 0.135239 -0.961403 1.23188 
2.06 0.14915 -0.950987 1.24929 
2.07 0.162934 -0.940687 1.26656 
2.08 0.176592 -0.930504 1.28369 
2.09 0.190126 -0.920436 1.30069 
2.1 0.203536 -0.910481 1.31755 
2.11 0.216823 -0.90064 1.33429 
2.12 0.229989 -0.890911 1.35089 
2.13 0.243035 -0.881292 1.36736 
2.14 0.255961 -0.871783 1.38371 
2.15 0.26877 -0.862382 1.39992 
2.16 0.281462 -0.85309 1.41601 
2.17 0.294039 -0.843904 1.43198 
2.18 0.3065 -0.834824 1.44782 
2.19 0.318848 -0.825848 1.46355 
2.2 0.331084 -0.816977 1.47914 
2.21 0.343208 -0.808208 1.49462 
2.22 0.355221 -0.799541 1.50998 
2.23 0.367125 -0.790976 1.52522 
2.24 0.37892 -0.78251 1.54035 
2.25 0.390607 -0.774143 1.55536 
2.26 0.402188 -0.765875 1.57025 
2.27 0.413663 -0.757705 1.58503 
2.28 0.425033 -0.749631 1.5997 
2.29 0.4363 -0.741653 1.61425 
2.3 0.447463 -0.733769 1.6287 
2.31 0.458524 -0.72598 1.64303 
2.32 0.469485 -0.718284 1.65725 
2.33 0.480344 -0.710681 1.67137 
2.34 0.491105 -0.703169 1.68538 
2.35 0.501766 -0.695748 1.69928 
2.36 0.51233 -0.688418 1.71308 
2.37 0.522797 -0.681176 1.72677 
2.38 0.533168 -0.674024 1.74036 
2.39 0.543444 -0.666959 1.75385 
2.4 0.553624 -0.659982 1.76723 
2.41 0.563712 -0.653091 1.78051 
2.42 0.573706 -0.646285 1.7937 
2.43 0.583608 -0.639565 1.80678 
2.44 0.593418 -0.632929 1.81977 
2.45 0.603138 -0.626376 1.83265 
2.46 0.612768 -0.619907 1.84544 
2.47 0.622309 -0.61352 1.85814 
2.48 0.631761 -0.607214 1.87074 
2.49 0.641125 -0.600989 1.88324 
2.5 0.650402 -0.594845 1.89565 
2.51 0.659593 -0.58878 1.90797 
2.52 0.668698 -0.582795 1.92019 
2.53 0.677718 -0.576887 1.93232 
2.54 0.686654 -0.571058 1.94437 
2.55 0.695506 -0.565305 1.95632 
2.56 0.704275 -0.55963 1.96818 
2.57 0.712962 -0.55403 1.97995 
2.58 0.721566 -0.548505 1.99164 
2.59 0.73009 -0.543056 2.00324 
2.6 0.738533 -0.53768 2.01475 
2.61 0.746897 -0.532378 2.02617 
2.62 0.755181 -0.52715 2.03751 
2.63 0.763386 -0.521994 2.04877 
2.64 0.771513 -0.516909 2.05994 
2.65 0.779563 -0.511897 2.07102 
2.66 0.787536 -0.506955 2.08203 
2.67 0.795432 -0.502083 2.09295 
2.68 0.803253 -0.497282 2.10379 
2.69 0.810999 -0.492549 2.11455 
2.7 0.81867 -0.487886 2.12523 
2.71 0.826267 -0.48329 2.13582 
2.72 0.83379 -0.478763 2.14634 
2.73 0.84124 -0.474303 2.15678 
2.74 0.848618 -0.469909 2.16715 
2.75 0.855924 -0.465582 2.17743 
2.76 0.863159 -0.461321 2.18764 
2.77 0.870323 -0.457125 2.19777 
2.78 0.877416 -0.452994 2.20783 
2.79 0.884439 -0.448928 2.21781 
2.8 0.891394 -0.444925 2.22771 
2.81 0.898279 -0.440986 2.23754 
2.82 0.905096 -0.43711 2.2473 
2.83 0.911844 -0.433296 2.25699 
2.84 0.918526 -0.429545 2.2666 
2.85 0.92514 -0.425855 2.27614 
2.86 0.931688 -0.422227 2.2856 
2.87 0.93817 -0.41866 2.295 
2.88 0.944587 -0.415153 2.30433 
2.89 0.950938 -0.411706 2.31358 
2.9 0.957225 -0.408318 2.32277 
2.91 0.963447 -0.40499 2.33189 
2.92 0.969606 -0.401721 2.34093 
2.93 0.975701 -0.39851 2.34991 
2.94 0.981734 -0.395357 2.35882 
2.95 0.987704 -0.392262 2.36767 
2.96 0.993612 -0.389224 2.37645 
2.97 0.999458 -0.386242 2.38516 
2.98 1.00524 -0.383317 2.3938 
2.99 1.01097 -0.380448 2.40238 
3 1.01663 -0.377635 2.4109 
3.01 1.02224 -0.374877 2.41935 
3.02 1.02778 -0.372175 2.42773 
3.03 1.03326 -0.369526 2.43606 
3.04 1.03869 -0.366932 2.44431 
3.05 1.04406 -0.364392 2.45251 
3.06 1.04937 -0.361905 2.46064 
3.07 1.05462 -0.359472 2.46871 
3.08 1.05982 -0.357091 2.47672 
3.09 1.06495 -0.354763 2.48467 
3.1 1.07003 -0.352487 2.49256 
3.11 1.07506 -0.350263 2.50038 
3.12 1.08003 -0.34809 2.50815 
3.13 1.08494 -0.345968 2.51585 
3.14 1.0898 -0.343897 2.5235 
3.15 1.09461 -0.341877 2.53109 
3.16 1.09935 -0.339907 2.53862 
3.17 1.10405 -0.337987 2.54609 
3.18 1.10869 -0.336116 2.5535 
3.19 1.11328 -0.334294 2.56085 
3.2 1.11782 -0.332522 2.56815 
3.21 1.1223 -0.330798 2.57539 
3.22 1.12673 -0.329122 2.58258 
3.23 1.13111 -0.327494 2.58971 
3.24 1.13543 -0.325915 2.59678 
3.25 1.13971 -0.324382 2.6038 
3.26 1.14393 -0.322897 2.61076 
3.27 1.1481 -0.321458 2.61766 
3.28 1.15223 -0.320066 2.62452 
3.29 1.1563 -0.318721 2.63132 
3.3 1.16032 -0.317421 2.63806 
3.31 1.16429 -0.316167 2.64475 
3.32 1.16822 -0.314958 2.65139 
3.33 1.17209 -0.313795 2.65797 
3.34 1.17592 -0.312677 2.66451 
3.35 1.17969 -0.311603 2.67099 
3.36 1.18342 -0.310573 2.67742 
3.37 1.1871 -0.309588 2.68379 
3.38 1.19074 -0.308646 2.69012 
3.39 1.19432 -0.307748 2.6964 
3.4 1.19786 -0.306894 2.70262 
3.41 1.20136 -0.306082 2.70879 
3.42 1.2048 -0.305313 2.71492 
3.43 1.2082 -0.304587 2.72099 
3.44 1.21156 -0.303903 2.72702 
3.45 1.21487 -0.303261 2.73299 
3.46 1.21813 -0.302661 2.73892 
3.47 1.22135 -0.302103 2.7448 
3.48 1.22452 -0.301586 2.75063 
3.49 1.22765 -0.30111 2.75641 
3.5 1.23073 -0.300675 2.76214 
3.51 1.23377 -0.300281 2.76783 
3.52 1.23677 -0.299927 2.77347 
3.53 1.23972 -0.299613 2.77906 
3.54 1.24263 -0.299339 2.7846 
3.55 1.2455 -0.299105 2.7901 
3.56 1.24832 -0.29891 2.79555 
3.57 1.2511 -0.298755 2.80096 
3.58 1.25384 -0.298638 2.80632 
3.59 1.25654 -0.298561 2.81164 
3.6 1.25919 -0.298522 2.81691 
3.61 1.26181 -0.298522 2.82213 
3.62 1.26438 -0.29856 2.82731 
3.63 1.26691 -0.298635 2.83245 
3.64 1.2694 -0.298749 2.83754 
3.65 1.27185 -0.2989 2.84259 
3.66 1.27425 -0.299089 2.8476 
3.67 1.27662 -0.299314 2.85256 
3.68 1.27895 -0.299577 2.85747 
3.69 1.28124 -0.299876 2.86235 
3.7 1.28348 -0.300212 2.86718 
3.71 1.28569 -0.300585 2.87197 
3.72 1.28786 -0.300993 2.87672 
3.73 1.28999 -0.301438 2.88142 
3.74 1.29208 -0.301918 2.88609 
3.75 1.29414 -0.302434 2.89071 
3.76 1.29615 -0.302985 2.89529 
3.77 1.29813 -0.303571 2.89983 
3.78 1.30007 -0.304193 2.90433 
3.79 1.30197 -0.304849 2.90878 
3.8 1.30383 -0.30554 2.9132 
3.81 1.30566 -0.306266 2.91758 
3.82 1.30744 -0.307026 2.92191 
3.83 1.3092 -0.307819 2.92621 
3.84 1.31091 -0.308647 2.93047 
3.85 1.31259 -0.309509 2.93468 
3.86 1.31423 -0.310404 2.93886 
3.87 1.31583 -0.311333 2.943 
3.88 1.3174 -0.312294 2.9471 
3.89 1.31894 -0.313289 2.95116 
3.9 1.32043 -0.314317 2.95519 
3.91 1.3219 -0.315378 2.95917 
3.92 1.32332 -0.316471 2.96312 
3.93 1.32471 -0.317596 2.96703 
3.94 1.32607 -0.318754 2.9709 
3.95 1.32739 -0.319944 2.97473 
3.96 1.32868 -0.321166 2.97853 
3.97 1.32993 -0.322419 2.98229 
3.98 1.33115 -0.323704 2.98601 
3.99 1.33234 -0.325021 2.98969 
4 1.33349 -0.326368 2.99334 
4.01 1.3346 -0.327747 2.99696 
4.02 1.33569 -0.329157 3.00053 
4.03 1.33674 -0.330598 3.00407 
4.04 1.33775 -0.332069 3.00758 
4.05 1.33874 -0.333571 3.01104 
4.06 1.33969 -0.335103 3.01448 
4.07 1.34061 -0.336665 3.01788 
4.08 1.34149 -0.338258 3.02124 
4.09 1.34234 -0.33988 3.02457 
4.1 1.34316 -0.341532 3.02786 
4.11 1.34395 -0.343214 3.03112 
4.12 1.34471 -0.344925 3.03434 
4.13 1.34543 -0.346666 3.03753 
4.14 1.34613 -0.348435 3.04069 
4.15 1.34679 -0.350234 3.04381 
4.16 1.34742 -0.352062 3.0469 
4.17 1.34802 -0.353918 3.04995 
4.18 1.34858 -0.355803 3.05297 
4.19 1.34912 -0.357717 3.05596 
4.2 1.34963 -0.359658 3.05891 
4.21 1.3501 -0.361629 3.06183 
4.22 1.35055 -0.363627 3.06472 
4.23 1.35096 -0.365653 3.06758 
4.24 1.35135 -0.367707 3.0704 
4.25 1.3517 -0.369789 3.07319 
4.26 1.35203 -0.371898 3.07595 
4.27 1.35232 -0.374034 3.07868 
4.28 1.35259 -0.376198 3.08137 
4.29 1.35282 -0.37839 3.08403 
4.3 1.35303 -0.380608 3.08666 
4.31 1.35321 -0.382853 3.08926 
4.32 1.35335 -0.385125 3.09183 
4.33 1.35347 -0.387424 3.09437 
4.34 1.35356 -0.389749 3.09687 
4.35 1.35362 -0.3921 3.09935 
4.36 1.35366 -0.394478 3.10179 
4.37 1.35366 -0.396882 3.10421 
4.38 1.35364 -0.399312 3.10659 
4.39 1.35359 -0.401769 3.10894 
4.4 1.35351 -0.40425 3.11127 
4.41 1.3534 -0.406758 3.11356 
4.42 1.35326 -0.409291 3.11582 
4.43 1.3531 -0.41185 3.11805 
4.44 1.35291 -0.414434 3.12026 
4.45 1.35269 -0.417044 3.12243 
4.46 1.35245 -0.419678 3.12458 
4.47 1.35218 -0.422338 3.12669 
4.48 1.35188 -0.425022 3.12878 
4.49 1.35155 -0.427731 3.13083 
4.5 1.3512 -0.430465 3.13286 
4.51 1.35082 -0.433224 3.13486 
4.52 1.35041 -0.436007 3.13683 
4.53 1.34998 -0.438814 3.13877 
4.54 1.34952 -0.441646 3.14069 
4.55 1.34903 -0.444502 3.14257 
4.56 1.34852 -0.447382 3.14443 
4.57 1.34799 -0.450285 3.14626 
4.58 1.34742 -0.453213 3.14806 
4.59 1.34683 -0.456164 3.14983 
4.6 1.34622 -0.459139 3.15158 
4.61 1.34558 -0.462138 3.1533 
4.62 1.34491 -0.46516 3.15499 
4.63 1.34422 -0.468205 3.15665 
4.64 1.34351 -0.471274 3.15829 
4.65 1.34277 -0.474365 3.1599 
4.66 1.342 -0.47748 3.16148 
4.67 1.34121 -0.480617 3.16304 
4.68 1.34039 -0.483778 3.16457 
4.69 1.33955 -0.486961 3.16607 
4.7 1.33869 -0.490167 3.16755 
4.71 1.3378 -0.493395 3.169 
4.72 1.33689 -0.496646 3.17042 
4.73 1.33595 -0.499919 3.17182 
4.74 1.33499 -0.503214 3.17319 
4.75 1.334 -0.506532 3.17453 
4.76 1.33299 -0.509871 3.17585 
4.77 1.33196 -0.513233 3.17715 
4.78 1.3309 -0.516616 3.17842 
4.79 1.32982 -0.520021 3.17966 
4.8 1.32871 -0.523448 3.18088 
4.81 1.32759 -0.526897 3.18207 
4.82 1.32643 -0.530367 3.18324 
4.83 1.32526 -0.533858 3.18438 
4.84 1.32406 -0.537371 3.18549 
4.85 1.32284 -0.540905 3.18659 
4.86 1.3216 -0.54446 3.18765 
4.87 1.32033 -0.548037 3.1887 
4.88 1.31904 -0.551634 3.18972 
4.89 1.31773 -0.555252 3.19071 
4.9 1.31639 -0.558891 3.19168 
4.91 1.31504 -0.562551 3.19262 
4.92 1.31366 -0.566231 3.19355 
4.93 1.31226 -0.569932 3.19444 
4.94 1.31083 -0.573654 3.19532 
4.95 1.30938 -0.577396 3.19616 
4.96 1.30792 -0.581158 3.19699 
4.97 1.30643 -0.58494 3.19779 
4.98 1.30491 -0.588743 3.19857 
4.99 1.30338 -0.592565 3.19933 
5 1.30182 -0.596408 3.20006 
5.01 1.30025 -0.600271 3.20076 
5.02 1.29865 -0.604153 3.20145 
5.03 1.29703 -0.608055 3.20211 
5.04 1.29539 -0.611977 3.20275 
5.05 1.29372 -0.615918 3.20337 
5.06 1.29204 -0.619879 3.20396 
5.07 1.29034 -0.62386 3.20453 
5.08 1.28861 -0.627859 3.20508 
5.09 1.28686 -0.631879 3.2056 
5.1 1.28509 -0.635917 3.20611 
5.11 1.28331 -0.639974 3.20659 
5.12 1.2815 -0.644051 3.20704 
5.13 1.27967 -0.648146 3.20748 
5.14 1.27782 -0.65226 3.20789 
5.15 1.27595 -0.656394 3.20828 
5.16 1.27405 -0.660546 3.20865 
5.17 1.27214 -0.664716 3.209 
5.18 1.27021 -0.668906 3.20933 
5.19 1.26826 -0.673114 3.20963 
5.2 1.26629 -0.67734 3.20992 
5.21 1.2643 -0.681585 3.21018 
5.22 1.26228 -0.685848 3.21042 
5.23 1.26025 -0.690129 3.21063 
5.24 1.2582 -0.694429 3.21083 
5.25 1.25613 -0.698746 3.21101 
5.26 1.25404 -0.703082 3.21116 
5.27 1.25193 -0.707436 3.2113 
5.28 1.2498 -0.711808 3.21141 
5.29 1.24765 -0.716197 3.2115 
5.3 1.24548 -0.720604 3.21157 
5.31 1.2433 -0.72503 3.21162 
5.32 1.24109 -0.729472 3.21165 
5.33 1.23886 -0.733933 3.21166 
5.34 1.23662 -0.73841 3.21165 
5.35 1.23436 -0.742906 3.21162 
5.36 1.23207 -0.747418 3.21157 
5.37 1.22977 -0.751948 3.21149 
5.38 1.22745 -0.756496 3.2114 
5.39 1.22511 -0.76106 3.21129 
5.4 1.22276 -0.765642 3.21116 
5.41 1.22038 -0.77024 3.211 
5.42 1.21799 -0.774856 3.21083 
5.43 1.21557 -0.779489 3.21064 
5.44 1.21314 -0.784138 3.21043 
5.45 1.21069 -0.788805 3.21019 
5.46 1.20823 -0.793488 3.20994 
5.47 1.20574 -0.798188 3.20967 
5.48 1.20324 -0.802904 3.20938 
5.49 1.20072 -0.807637 3.20907 
5.5 1.19818 -0.812387 3.20874 
5.51 1.19562 -0.817153 3.20839 
5.52 1.19305 -0.821935 3.20803 
5.53 1.19045 -0.826734 3.20764 
5.54 1.18784 -0.831549 3.20723 
5.55 1.18521 -0.83638 3.20681 
5.56 1.18257 -0.841228 3.20637 
5.57 1.17991 -0.846091 3.2059 
5.58 1.17723 -0.850971 3.20542 
5.59 1.17453 -0.855866 3.20492 
5.6 1.17181 -0.860778 3.2044 
5.61 1.16908 -0.865705 3.20387 
5.62 1.16633 -0.870648 3.20331 
5.63 1.16357 -0.875607 3.20274 
5.64 1.16078 -0.880582 3.20214 
5.65 1.15798 -0.885572 3.20153 
5.66 1.15516 -0.890578 3.20091 
5.67 1.15233 -0.895599 3.20026 
5.68 1.14948 -0.900636 3.19959 
5.69 1.14661 -0.905689 3.19891 
5.7 1.14373 -0.910756 3.19821 
5.71 1.14083 -0.915839 3.19749 
5.72 1.13791 -0.920938 3.19675 
5.73 1.13497 -0.926051 3.196 
5.74 1.13202 -0.93118 3.19523 
5.75 1.12906 -0.936324 3.19444 
5.76 1.12607 -0.941483 3.19363 
5.77 1.12307 -0.946657 3.1928 
5.78 1.12006 -0.951845 3.19196 
5.79 1.11703 -0.957049 3.1911 
5.8 1.11398 -0.962268 3.19022 
5.81 1.11091 -0.967501 3.18933 
5.82 1.10783 -0.972749 3.18841 
5.83 1.10474 -0.978012 3.18749 
5.84 1.10162 -0.98329 3.18654 
5.85 1.0985 -0.988582 3.18558 
5.86 1.09535 -0.993888 3.18459 
5.87 1.09219 -0.999209 3.1836 
5.88 1.08902 -1.00454 3.18258 
5.89 1.08583 -1.00989 3.18155 
5.9 1.08262 -1.01526 3.1805 
5.91 1.0794 -1.02064 3.17944 
5.92 1.07616 -1.02603 3.17836 
5.93 1.07291 -1.03144 3.17726 
5.94 1.06964 -1.03686 3.17615 
5.95 1.06636 -1.04229 3.17501 
5.96 1.06306 -1.04774 3.17387 
5.97 1.05975 -1.05321 3.1727 
5.98 1.05642 -1.05868 3.17152 
5.99 1.05308 -1.06418 3.17033 
6 1.04972 -1.06968 3.16911 
6.01 1.04634 -1.0752 3.16788 
6.02 1.04295 -1.08073 3.16664 
6.03 1.03955 -1.08628 3.16538 
6.04 1.03613 -1.09184 3.1641 
6.05 1.0327 -1.09741 3.16281 
6.06 1.02925 -1.103 3.1615 
6.07 1.02579 -1.1086 3.16017 
6.08 1.02231 -1.11422 3.15883 
6.09 1.01882 -1.11984 3.15748 
6.1 1.01531 -1.12549 3.15611 
6.11 1.01179 -1.13114 3.15472 
6.12 1.00825 -1.13681 3.15331 
6.13 1.0047 -1.14249 3.1519 
6.14 1.00114 -1.14819 3.15046 
6.15 0.997559 -1.15389 3.14901 
6.16 0.993966 -1.15961 3.14755 
6.17 0.990359 -1.16535 3.14607 
6.18 0.986737 -1.1711 3.14457 
6.19 0.983101 -1.17686 3.14306 
6.2 0.979452 -1.18263 3.14153 
6.21 0.975788 -1.18842 3.13999 
6.22 0.97211 -1.19421 3.13843 
6.23 0.968418 -1.20003 3.13686 
6.24 0.964713 -1.20585 3.13528 
6.25 0.960993 -1.21169 3.13367 
6.26 0.95726 -1.21754 3.13206 
6.27 0.953512 -1.2234 3.13043 
6.28 0.949751 -1.22928 3.12878 
6.29 0.945977 -1.23517 3.12712 
6.3 0.942189 -1.24107 3.12544 
6.31 0.938387 -1.24698 3.12375 
6.32 0.934571 -1.25291 3.12205 
6.33 0.930742 -1.25885 3.12033 
6.34 0.9269 -1.2648 3.1186 
6.35 0.923044 -1.27076 3.11685 
6.36 0.919175 -1.27674 3.11509 
6.37 0.915292 -1.28272 3.11331 
6.38 0.911396 -1.28872 3.11152 
6.39 0.907487 -1.29474 3.10971 
6.4 0.903565 -1.30076 3.10789 
6.41 0.899629 -1.3068 3.10606 
6.42 0.895681 -1.31285 3.10421 
6.43 0.891719 -1.31891 3.10234 
6.44 0.887744 -1.32498 3.10047 
6.45 0.883756 -1.33107 3.09858 
6.46 0.879755 -1.33716 3.09667 
6.47 0.875741 -1.34327 3.09475 
6.48 0.871715 -1.34939 3.09282 
6.49 0.867675 -1.35552 3.09087 
6.5 0.863623 -1.36167 3.08891 
6.51 0.859557 -1.36783 3.08694 
6.52 0.855479 -1.37399 3.08495 
6.53 0.851389 -1.38017 3.08295 
6.54 0.847286 -1.38636 3.08094 
6.55 0.84317 -1.39257 3.07891 
6.56 0.839041 -1.39878 3.07686 
6.57 0.8349 -1.40501 3.07481 
6.58 0.830747 -1.41125 3.07274 
6.59 0.82658 -1.4175 3.07066 
6.6 0.822402 -1.42376 3.06856 
6.61 0.818211 -1.43003 3.06645 
6.62 0.814008 -1.43631 3.06433 
6.63 0.809792 -1.44261 3.06219 
6.64 0.805565 -1.44891 3.06004 
6.65 0.801324 -1.45523 3.05788 
6.66 0.797072 -1.46156 3.0557 
6.67 0.792808 -1.4679 3.05351 
6.68 0.788531 -1.47425 3.05131 
6.69 0.784242 -1.48061 3.0491 
6.7 0.779942 -1.48699 3.04687 
6.71 0.775629 -1.49337 3.04463 
6.72 0.771304 -1.49977 3.04237 
6.73 0.766967 -1.50617 3.04011 
6.74 0.762619 -1.51259 3.03783 
6.75 0.758258 -1.51902 3.03554 
6.76 0.753886 -1.52546 3.03323 
6.77 0.749501 -1.53191 3.03091 
6.78 0.745105 -1.53837 3.02858 
6.79 0.740697 -1.54484 3.02624 
6.8 0.736278 -1.55133 3.02388 
6.81 0.731847 -1.55782 3.02151 
6.82 0.727404 -1.56432 3.01913 
6.83 0.72295 -1.57084 3.01674 
6.84 0.718484 -1.57736 3.01433 
6.85 0.714006 -1.5839 3.01191 
6.86 0.709517 -1.59045 3.00948 
6.87 0.705017 -1.59701 3.00704 
6.88 0.700505 -1.60357 3.00458 
6.89 0.695981 -1.61015 3.00211 
6.9 0.691446 -1.61674 2.99963 
6.91 0.6869 -1.62334 2.99714 
6.92 0.682343 -1.62995 2.99464 
6.93 0.677774 -1.63657 2.99212 
6.94 0.673194 -1.6432 2.98959 
6.95 0.668603 -1.64984 2.98705 
6.96 0.664001 -1.6565 2.9845 
6.97 0.659388 -1.66316 2.98193 
6.98 0.654763 -1.66983 2.97935 
6.99 0.650127 -1.67651 2.97677 
7 0.645481 -1.6832 2.97416 
7.01 0.640823 -1.68991 2.97155 
7.02 0.636154 -1.69662 2.96893 
7.03 0.631474 -1.70334 2.96629 
7.04 0.626784 -1.71007 2.96364 
7.05 0.622082 -1.71682 2.96098 
7.06 0.61737 -1.72357 2.95831 
7.07 0.612647 -1.73033 2.95563 
7.08 0.607913 -1.73711 2.95293 
7.09 0.603168 -1.74389 2.95022 
7.1 0.598412 -1.75068 2.94751 
7.11 0.593646 -1.75748 2.94478 
7.12 0.588869 -1.7643 2.94204 
7.13 0.584082 -1.77112 2.93928 
7.14 0.579284 -1.77795 2.93652 
7.15 0.574475 -1.78479 2.93374 
7.16 0.569655 -1.79164 2.93095 
7.17 0.564826 -1.79851 2.92816 
7.18 0.559985 -1.80538 2.92535 
7.19 0.555134 -1.81226 2.92253 
7.2 0.550273 -1.81915 2.91969 
7.21 0.545401 -1.82605 2.91685 
7.22 0.540519 -1.83296 2.91399 
7.23 0.535627 -1.83988 2.91113 
7.24 0.530724 -1.8468 2.90825 
7.25 0.525811 -1.85374 2.90536 
7.26 0.520887 -1.86069 2.90246 
7.27 0.515954 -1.86765 2.89955 
7.28 0.51101 -1.87461 2.89663 
7.29 0.506056 -1.88159 2.8937 
7.3 0.501092 -1.88857 2.89076 
7.31 0.496117 -1.89557 2.8878 
7.32 0.491133 -1.90257 2.88484 
7.33 0.486139 -1.90958 2.88186 
7.34 0.481134 -1.91661 2.87887 
7.35 0.476119 -1.92364 2.87588 
7.36 0.471095 -1.93068 2.87287 
7.37 0.46606 -1.93773 2.86985 
7.38 0.461016 -1.94479 2.86682 
7.39 0.455961 -1.95186 2.86378 
7.4 0.450897 -1.95893 2.86073 
7.41 0.445823 -1.96602 2.85767 
7.42 0.440739 -1.97312 2.85459 
7.43 0.435645 -1.98022 2.85151 
7.44 0.430542 -1.98733 2.84842 
7.45 0.425428 -1.99446 2.84531 
7.46 0.420305 -2.00159 2.8422 
7.47 0.415172 -2.00873 2.83907 
7.48 0.41003 -2.01588 2.83594 
7.49 0.404878 -2.02304 2.83279 
7.5 0.399716 -2.0302 2.82964 
7.51 0.394545 -2.03738 2.82647 
7.52 0.389364 -2.04456 2.82329 
7.53 0.384173 -2.05176 2.8201 
7.54 0.378974 -2.05896 2.81691 
7.55 0.373764 -2.06617 2.8137 
7.56 0.368545 -2.07339 2.81048 
7.57 0.363317 -2.08062 2.80725 
7.58 0.358079 -2.08786 2.80402 
7.59 0.352832 -2.0951 2.80077 
7.6 0.347575 -2.10236 2.79751 
7.61 0.342309 -2.10962 2.79424 
7.62 0.337034 -2.11689 2.79096 
7.63 0.331749 -2.12417 2.78767 
7.64 0.326456 -2.13146 2.78437 
7.65 0.321152 -2.13876 2.78107 
7.66 0.31584 -2.14607 2.77775 
7.67 0.310519 -2.15338 2.77442 
7.68 0.305188 -2.1607 2.77108 
7.69 0.299848 -2.16804 2.76773 
7.7 0.294499 -2.17537 2.76437 
7.71 0.289141 -2.18272 2.76101 
7.72 0.283774 -2.19008 2.75763 
7.73 0.278398 -2.19744 2.75424 
7.74 0.273012 -2.20482 2.75084 
7.75 0.267618 -2.2122 2.74744 
7.76 0.262215 -2.21959 2.74402 
7.77 0.256802 -2.22699 2.74059 
7.78 0.251381 -2.23439 2.73716 
7.79 0.245951 -2.24181 2.73371 
7.8 0.240512 -2.24923 2.73026 
7.81 0.235064 -2.25666 2.72679 
7.82 0.229607 -2.2641 2.72332 
7.83 0.224142 -2.27155 2.71983 
7.84 0.218668 -2.279 2.71634 
7.85 0.213184 -2.28647 2.71284 
7.86 0.207692 -2.29394 2.70932 
7.87 0.202192 -2.30142 2.7058 
7.88 0.196682 -2.30891 2.70227 
7.89 0.191164 -2.3164 2.69873 
7.9 0.185637 -2.32391 2.69518 
7.91 0.180102 -2.33142 2.69162 
7.92 0.174558 -2.33894 2.68805 
7.93 0.169005 -2.34647 2.68448 
7.94 0.163444 -2.354 2.68089 
7.95 0.157874 -2.36154 2.67729 
7.96 0.152296 -2.3691 2.67369 
7.97 0.146709 -2.37665 2.67007 
7.98 0.141114 -2.38422 2.66645 
7.99 0.13551 -2.3918 2.66282 
8 0.129898 -2.39938 2.65917 
8.01 0.124277 -2.40697 2.65552 
8.02 0.118648 -2.41457 2.65186 
8.03 0.11301 -2.42217 2.64819 
8.04 0.107364 -2.42979 2.64452 
8.05 0.10171 -2.43741 2.64083 
8.06 0.0960472 -2.44504 2.63713 
8.07 0.0903762 -2.45267 2.63343 
8.08 0.084697 -2.46032 2.62971 
8.09 0.0790095 -2.46797 2.62599 
8.1 0.0733137 -2.47563 2.62226 
8.11 0.0676097 -2.4833 2.61852 
8.12 0.0618976 -2.49097 2.61477 
8.13 0.0561772 -2.49865 2.61101 
8.14 0.0504486 -2.50634 2.60724 
8.15 0.0447119 -2.51404 2.60346 
8.16 0.0389671 -2.52175 2.59968 
8.17 0.0332141 -2.52946 2.59589 
8.18 0.0274531 -2.53718 2.59208 
8.19 0.021684 -2.54491 2.58827 
8.2 0.0159068 -2.55264 2.58445 
8.21 0.0101216 -2.56038 2.58062 
8.22 0.00432841 -2.56813 2.57679 
8.23 -0.00147278 -2.57589 2.57294 
8.24 -0.00728195 -2.58365 2.56909 
8.25 -0.0130991 -2.59142 2.56523 
8.26 -0.0189241 -2.5992 2.56135 
8.27 -0.0247571 -2.60699 2.55747 
8.28 -0.030598 -2.61478 2.55359 
8.29 -0.0364467 -2.62258 2.54969 
8.3 -0.0423033 -2.63039 2.54578 
8.31 -0.0481677 -2.6382 2.54187 
8.32 -0.05404 -2.64603 2.53795 
8.33 -0.0599201 -2.65386 2.53402 
8.34 -0.0658079 -2.66169 2.53008 
8.35 -0.0717035 -2.66954 2.52613 
8.36 -0.0776069 -2.67739 2.52217 
8.37 -0.0835179 -2.68525 2.51821 
8.38 -0.0894367 -2.69311 2.51424 
8.39 -0.0953632 -2.70098 2.51026 
8.4 -0.101297 -2.70886 2.50627 
8.41 -0.107239 -2.71675 2.50227 
8.42 -0.113189 -2.72464 2.49826 
8.43 -0.119146 -2.73254 2.49425 
8.44 -0.12511 -2.74045 2.49023 
8.45 -0.131083 -2.74836 2.4862 
8.46 -0.137062 -2.75629 2.48216 
8.47 -0.14305 -2.76421 2.47811 
8.48 -0.149045 -2.77215 2.47406 
8.49 -0.155047 -2.78009 2.47 
8.5 -0.161057 -2.78804 2.46593 
8.51 -0.167074 -2.796 2.46185 
8.52 -0.173099 -2.80396 2.45776 
8.53 -0.179131 -2.81193 2.45367 
8.54 -0.185171 -2.81991 2.44956 
8.55 -0.191218 -2.82789 2.44545 
8.56 -0.197272 -2.83588 2.44133 
8.57 -0.203334 -2.84388 2.43721 
8.58 -0.209403 -2.85188 2.43307 
8.59 -0.21548 -2.85989 2.42893 
8.6 -0.221564 -2.86791 2.42478 
8.61 -0.227655 -2.87593 2.42062 
8.62 -0.233753 -2.88396 2.41646 
8.63 -0.239859 -2.892 2.41228 
8.64 -0.245972 -2.90004 2.4081 
8.65 -0.252092 -2.9081 2.40391 
8.66 -0.258219 -2.91615 2.39971 
8.67 -0.264354 -2.92422 2.39551 
8.68 -0.270496 -2.93229 2.3913 
8.69 -0.276645 -2.94037 2.38708 
8.7 -0.282801 -2.94845 2.38285 
8.71 -0.288964 -2.95654 2.37861 
8.72 -0.295134 -2.96464 2.37437 
8.73 -0.301312 -2.97274 2.37012 
8.74 -0.307496 -2.98085 2.36586 
8.75 -0.313688 -2.98897 2.36159 
8.76 -0.319887 -2.99709 2.35732 
8.77 -0.326092 -3.00522 2.35304 
8.78 -0.332305 -3.01336 2.34875 
8.79 -0.338525 -3.0215 2.34445 
8.8 -0.344751 -3.02965 2.34014 
8.81 -0.350985 -3.0378 2.33583 
8.82 -0.357226 -3.04596 2.33151 
8.83 -0.363473 -3.05413 2.32719 
8.84 -0.369728 -3.06231 2.32285 
8.85 -0.375989 -3.07049 2.31851 
8.86 -0.382258 -3.07868 2.31416 
8.87 -0.388533 -3.08687 2.3098 
8.88 -0.394815 -3.09507 2.30544 
8.89 -0.401104 -3.10328 2.30107 
8.9 -0.407399 -3.11149 2.29669 
8.91 -0.413702 -3.11971 2.2923 
8.92 -0.420011 -3.12793 2.28791 
8.93 -0.426327 -3.13616 2.28351 
8.94 -0.43265 -3.1444 2.2791 
8.95 -0.43898 -3.15265 2.27469 
8.96 -0.445316 -3.1609 2.27026 
8.97 -0.45166 -3.16915 2.26583 
8.98 -0.458009 -3.17742 2.2614 
8.99 -0.464366 -3.18568 2.25695 
9 -0.470729 -3.19396 2.2525 
9.01 -0.477099 -3.20224 2.24804 
9.02 -0.483476 -3.21053 2.24358 
9.03 -0.489859 -3.21882 2.2391 
9.04 -0.496249 -3.22712 2.23462 
9.05 -0.502645 -3.23543 2.23014 
9.06 -0.509048 -3.24374 2.22564 
9.07 -0.515458 -3.25205 2.22114 
9.08 -0.521874 -3.26038 2.21663 
9.09 -0.528296 -3.26871 2.21211 
9.1 -0.534726 -3.27704 2.20759 
9.11 -0.541161 -3.28539 2.20306 
9.12 -0.547604 -3.29373 2.19853 
9.13 -0.554052 -3.30209 2.19398 
9.14 -0.560508 -3.31045 2.18943 
9.15 -0.566969 -3.31881 2.18487 
9.16 -0.573438 -3.32718 2.18031 
9.17 -0.579912 -3.33556 2.17574 
9.18 -0.586393 -3.34394 2.17116 
9.19 -0.592881 -3.35233 2.16657 
9.2 -0.599374 -3.36073 2.16198 
9.21 -0.605875 -3.36913 2.15738 
9.22 -0.612381 -3.37754 2.15278 
9.23 -0.618894 -3.38595 2.14816 
9.24 -0.625413 -3.39437 2.14354 
9.25 -0.631939 -3.40279 2.13892 
9.26 -0.638471 -3.41122 2.13428 
9.27 -0.645009 -3.41966 2.12964 
9.28 -0.651553 -3.4281 2.125 
9.29 -0.658104 -3.43655 2.12034 
9.3 -0.664661 -3.445 2.11568 
9.31 -0.671224 -3.45346 2.11101 
9.32 -0.677794 -3.46193 2.10634 
9.33 -0.684369 -3.4704 2.10166 
9.34 -0.690951 -3.47887 2.09697 
9.35 -0.697539 -3.48736 2.09228 
9.36 -0.704134 -3.49585 2.08758 
9.37 -0.710734 -3.50434 2.08287 
9.38 -0.717341 -3.51284 2.07816 
9.39 -0.723953 -3.52134 2.07344 
9.4 -0.730572 -3.52985 2.06871 
9.41 -0.737197 -3.53837 2.06398 
9.42 -0.743828 -3.54689 2.05923 
9.43 -0.750465 -3.55542 2.05449 
9.44 -0.757109 -3.56395 2.04973 
9.45 -0.763758 -3.57249 2.04497 
9.46 -0.770413 -3.58103 2.04021 
9.47 -0.777074 -3.58958 2.03544 
9.48 -0.783742 -3.59814 2.03066 
9.49 -0.790415 -3.6067 2.02587 
9.5 -0.797095 -3.61527 2.02108 
9.51 -0.80378 -3.62384 2.01628 
9.52 -0.810471 -3.63242 2.01147 
9.53 -0.817168 -3.641 2.00666 
9.54 -0.823872 -3.64959 2.00184 
9.55 -0.830581 -3.65818 1.99702 
9.56 -0.837296 -3.66678 1.99219 
9.57 -0.844017 -3.67538 1.98735 
9.58 -0.850744 -3.68399 1.98251 
9.59 -0.857477 -3.69261 1.97766 
9.6 -0.864215 -3.70123 1.9728 
9.61 -0.87096 -3.70986 1.96794 
9.62 -0.87771 -3.71849 1.96307 
9.63 -0.884466 -3.72713 1.95819 
9.64 -0.891228 -3.73577 1.95331 
9.65 -0.897996 -3.74442 1.94842 
9.66 -0.90477 -3.75307 1.94353 
9.67 -0.911549 -3.76173 1.93863 
9.68 -0.918334 -3.77039 1.93372 
9.69 -0.925125 -3.77906 1.92881 
9.7 -0.931922 -3.78774 1.92389 
9.71 -0.938724 -3.79642 1.91897 
9.72 -0.945533 -3.8051 1.91404 
9.73 -0.952346 -3.81379 1.9091 
9.74 -0.959166 -3.82249 1.90416 
9.75 -0.965991 -3.83119 1.89921 
9.76 -0.972822 -3.83989 1.89425 
9.77 -0.979659 -3.84861 1.88929 
9.78 -0.986501 -3.85732 1.88432 
9.79 -0.993349 -3.86604 1.87935 
9.8 -1.0002 -3.87477 1.87437 
9.81 -1.00706 -3.8835 1.86938 
9.82 -1.01393 -3.89224 1.86439 
9.83 -1.0208 -3.90098 1.85939 
9.84 -1.02767 -3.90973 1.85438 
9.85 -1.03455 -3.91848 1.84937 
9.86 -1.04144 -3.92724 1.84436 
9.87 -1.04833 -3.936 1.83934 
9.88 -1.05523 -3.94477 1.83431 
9.89 -1.06214 -3.95355 1.82927 
9.9 -1.06905 -3.96232 1.82423 
9.91 -1.07596 -3.97111 1.81919 
9.92 -1.08288 -3.9799 1.81413 
9.93 -1.08981 -3.98869 1.80908 
9.94 -1.09674 -3.99749 1.80401 
9.95 -1.10367 -4.00629 1.79894 
9.96 -1.11062 -4.0151 1.79387 
9.97 -1.11756 -4.02391 1.78878 
9.98 -1.12452 -4.03273 1.7837 
9.99 -1.13148 -4.04156 1.7786 
