0.1 -15.3 1.04
1.33 0.32 0.594
2.55 2.45 0.983
3.78 2.75 0.998
5 2.27 1.11
6.22 1.35 0.398
7.45 0.157 0.535
8.68 -1.23 0.968
9.9 -2.75 0.478


0 -3.55512 -4.10526 -3.00498 
0.01 -3.54904 -4.10022 -2.99787 
0.02 -3.54297 -4.09517 -2.99076 
0.03 -3.53689 -4.09013 -2.98366 
0.04 -3.53082 -4.08509 -2.97655 
0.05 -3.52475 -4.08005 -2.96944 
0.06 -3.51867 -4.07501 -2.96234 
0.07 -3.5126 -4.06996 -2.95523 
0.08 -3.50652 -4.06492 -2.94812 
0.09 -3.50045 -4.05988 -2.94102 
0.1 -3.49437 -4.05484 -2.93391 
0.11 -3.4883 -4.0498 -2.9268 
0.12 -3.48223 -4.04476 -2.9197 
0.13 -3.47615 -4.03971 -2.91259 
0.14 -3.47008 -4.03467 -2.90548 
0.15 -3.464 -4.02963 -2.89838 
0.16 -3.45793 -4.02459 -2.89127 
0.17 -3.45186 -4.01955 -2.88416 
0.18 -3.44578 -4.01451 -2.87706 
0.19 -3.43971 -4.00946 -2.86995 
0.2 -3.43363 -4.00442 -2.86284 
0.21 -3.42756 -3.99938 -2.85574 
0.22 -3.42148 -3.99434 -2.84863 
0.23 -3.41541 -3.9893 -2.84152 
0.24 -3.40934 -3.98426 -2.83442 
0.25 -3.40326 -3.97921 -2.82731 
0.26 -3.39719 -3.97417 -2.8202 
0.27 -3.39111 -3.96913 -2.8131 
0.28 -3.38504 -3.96409 -2.80599 
0.29 -3.37897 -3.95905 -2.79888 
0.3 -3.37289 -3.95401 -2.79178 
0.31 -3.36682 -3.94897 -2.78467 
0.32 -3.36075 -3.94393 -2.77756 
0.33 -3.35467 -3.93888 -2.77046 
0.34 -3.3486 -3.93384 -2.76335 
0.35 -3.34252 -3.9288 -2.75625 
0.36 -3.33645 -3.92376 -2.74914 
0.37 -3.33038 -3.91872 -2.74203 
0.38 -3.3243 -3.91368 -2.73493 
0.39 -3.31823 -3.90864 -2.72782 
0.4 -3.31215 -3.9036 -2.72071 
0.41 -3.30608 -3.89855 -2.71361 
0.42 -3.30001 -3.89351 -2.7065 
0.43 -3.29393 -3.88847 -2.69939 
0.44 -3.28786 -3.88343 -2.69229 
0.45 -3.28179 -3.87839 -2.68518 
0.46 -3.27571 -3.87335 -2.67808 
0.47 -3.26964 -3.86831 -2.67097 
0.48 -3.26357 -3.86327 -2.66386 
0.49 -3.25749 -3.85823 -2.65676 
0.5 -3.25142 -3.85319 -2.64965 
0.51 -3.24534 -3.84814 -2.64255 
0.52 -3.23927 -3.8431 -2.63544 
0.53 -3.2332 -3.83806 -2.62833 
0.54 -3.22712 -3.83302 -2.62123 
0.55 -3.22105 -3.82798 -2.61412 
0.56 -3.21498 -3.82294 -2.60701 
0.57 -3.2089 -3.8179 -2.59991 
0.58 -3.20283 -3.81286 -2.5928 
0.59 -3.19676 -3.80782 -2.5857 
0.6 -3.19068 -3.80278 -2.57859 
0.61 -3.18461 -3.79774 -2.57148 
0.62 -3.17854 -3.7927 -2.56438 
0.63 -3.17246 -3.78766 -2.55727 
0.64 -3.16639 -3.78262 -2.55017 
0.65 -3.16032 -3.77758 -2.54306 
0.66 -3.15424 -3.77254 -2.53595 
0.67 -3.14817 -3.76749 -2.52885 
0.68 -3.1421 -3.76245 -2.52174 
0.69 -3.13603 -3.75741 -2.51464 
0.7 -3.12995 -3.75237 -2.50753 
0.71 -3.12388 -3.74733 -2.50043 
0.72 -3.11781 -3.74229 -2.49332 
0.73 -3.11173 -3.73725 -2.48621 
0.74 -3.10566 -3.73221 -2.47911 
0.75 -3.09959 -3.72717 -2.472 
0.76 -3.09351 -3.72213 -2.4649 
0.77 -3.08744 -3.71709 -2.45779 
0.78 -3.08137 -3.71205 -2.45068 
0.79 -3.0753 -3.70701 -2.44358 
0.8 -3.06922 -3.70197 -2.43647 
0.81 -3.06315 -3.69693 -2.42937 
0.82 -3.05708 -3.69189 -2.42226 
0.83 -3.05101 -3.68685 -2.41516 
0.84 -3.04493 -3.68181 -2.40805 
0.85 -3.03886 -3.67677 -2.40095 
0.86 -3.03279 -3.67173 -2.39384 
0.87 -3.02671 -3.6667 -2.38673 
0.88 -3.02064 -3.66166 -2.37963 
0.89 -3.01457 -3.65662 -2.37252 
0.9 -3.0085 -3.65158 -2.36542 
0.91 -3.00242 -3.64654 -2.35831 
0.92 -2.99635 -3.6415 -2.35121 
0.93 -2.99028 -3.63646 -2.3441 
0.94 -2.98421 -3.63142 -2.337 
0.95 -2.97814 -3.62638 -2.32989 
0.96 -2.97206 -3.62134 -2.32279 
0.97 -2.96599 -3.6163 -2.31568 
0.98 -2.95992 -3.61126 -2.30857 
0.99 -2.95385 -3.60622 -2.30147 
1 -2.94777 -3.60118 -2.29436 
1.01 -2.9417 -3.59614 -2.28726 
1.02 -2.93563 -3.59111 -2.28015 
1.03 -2.92956 -3.58607 -2.27305 
1.04 -2.92349 -3.58103 -2.26594 
1.05 -2.91741 -3.57599 -2.25884 
1.06 -2.91134 -3.57095 -2.25173 
1.07 -2.90527 -3.56591 -2.24463 
1.08 -2.8992 -3.56087 -2.23752 
1.09 -2.89313 -3.55583 -2.23042 
1.1 -2.88705 -3.5508 -2.22331 
1.11 -2.88098 -3.54576 -2.21621 
1.12 -2.87491 -3.54072 -2.2091 
1.13 -2.86884 -3.53568 -2.202 
1.14 -2.86277 -3.53064 -2.19489 
1.15 -2.8567 -3.5256 -2.18779 
1.16 -2.85062 -3.52057 -2.18068 
1.17 -2.84455 -3.51553 -2.17358 
1.18 -2.83848 -3.51049 -2.16647 
1.19 -2.83241 -3.50545 -2.15937 
1.2 -2.82634 -3.50041 -2.15227 
1.21 -2.82027 -3.49537 -2.14516 
1.22 -2.8142 -3.49034 -2.13806 
1.23 -2.80812 -3.4853 -2.13095 
1.24 -2.80205 -3.48026 -2.12385 
1.25 -2.79598 -3.47522 -2.11674 
1.26 -2.78991 -3.47019 -2.10964 
1.27 -2.78384 -3.46515 -2.10253 
1.28 -2.77777 -3.46011 -2.09543 
1.29 -2.7717 -3.45507 -2.08832 
1.3 -2.76563 -3.45004 -2.08122 
1.31 -2.75956 -3.445 -2.07412 
1.32 -2.75349 -3.43996 -2.06701 
1.33 -2.74741 -3.43492 -2.05991 
1.34 -2.74134 -3.42989 -2.0528 
1.35 -2.73527 -3.42485 -2.0457 
1.36 -2.7292 -3.41981 -2.03859 
1.37 -2.72313 -3.41477 -2.03149 
1.38 -2.71706 -3.40974 -2.02439 
1.39 -2.71099 -3.4047 -2.01728 
1.4 -2.70492 -3.39966 -2.01018 
1.41 -2.69885 -3.39463 -2.00307 
1.42 -2.69278 -3.38959 -1.99597 
1.43 -2.68671 -3.38455 -1.98887 
1.44 -2.68064 -3.37952 -1.98176 
1.45 -2.67457 -3.37448 -1.97466 
1.46 -2.6685 -3.36944 -1.96755 
1.47 -2.66243 -3.36441 -1.96045 
1.48 -2.65636 -3.35937 -1.95335 
1.49 -2.65029 -3.35434 -1.94624 
1.5 -2.64422 -3.3493 -1.93914 
1.51 -2.63815 -3.34426 -1.93204 
1.52 -2.63208 -3.33923 -1.92493 
1.53 -2.62601 -3.33419 -1.91783 
1.54 -2.61994 -3.32916 -1.91073 
1.55 -2.61387 -3.32412 -1.90362 
1.56 -2.6078 -3.31908 -1.89652 
1.57 -2.60173 -3.31405 -1.88942 
1.58 -2.59566 -3.30901 -1.88231 
1.59 -2.58959 -3.30398 -1.87521 
1.6 -2.58352 -3.29894 -1.86811 
1.61 -2.57745 -3.29391 -1.861 
1.62 -2.57139 -3.28887 -1.8539 
1.63 -2.56532 -3.28384 -1.8468 
1.64 -2.55925 -3.2788 -1.83969 
1.65 -2.55318 -3.27377 -1.83259 
1.66 -2.54711 -3.26873 -1.82549 
1.67 -2.54104 -3.2637 -1.81838 
1.68 -2.53497 -3.25866 -1.81128 
1.69 -2.5289 -3.25363 -1.80418 
1.7 -2.52283 -3.24859 -1.79708 
1.71 -2.51677 -3.24356 -1.78997 
1.72 -2.5107 -3.23853 -1.78287 
1.73 -2.50463 -3.23349 -1.77577 
1.74 -2.49856 -3.22846 -1.76866 
1.75 -2.49249 -3.22342 -1.76156 
1.76 -2.48642 -3.21839 -1.75446 
1.77 -2.48036 -3.21336 -1.74736 
1.78 -2.47429 -3.20832 -1.74025 
1.79 -2.46822 -3.20329 -1.73315 
1.8 -2.46215 -3.19826 -1.72605 
1.81 -2.45609 -3.19322 -1.71895 
1.82 -2.45002 -3.18819 -1.71185 
1.83 -2.44395 -3.18316 -1.70474 
1.84 -2.43788 -3.17812 -1.69764 
1.85 -2.43181 -3.17309 -1.69054 
1.86 -2.42575 -3.16806 -1.68344 
1.87 -2.41968 -3.16302 -1.67634 
1.88 -2.41361 -3.15799 -1.66923 
1.89 -2.40755 -3.15296 -1.66213 
1.9 -2.40148 -3.14793 -1.65503 
1.91 -2.39541 -3.14289 -1.64793 
1.92 -2.38935 -3.13786 -1.64083 
1.93 -2.38328 -3.13283 -1.63373 
1.94 -2.37721 -3.1278 -1.62662 
1.95 -2.37114 -3.12277 -1.61952 
1.96 -2.36508 -3.11773 -1.61242 
1.97 -2.35901 -3.1127 -1.60532 
1.98 -2.35295 -3.10767 -1.59822 
1.99 -2.34688 -3.10264 -1.59112 
2 -2.34081 -3.09761 -1.58402 
2.01 -2.33475 -3.09258 -1.57692 
2.02 -2.32868 -3.08755 -1.56982 
2.03 -2.32262 -3.08252 -1.56271 
2.04 -2.31655 -3.07749 -1.55561 
2.05 -2.31048 -3.07246 -1.54851 
2.06 -2.30442 -3.06742 -1.54141 
2.07 -2.29835 -3.06239 -1.53431 
2.08 -2.29229 -3.05736 -1.52721 
2.09 -2.28622 -3.05233 -1.52011 
2.1 -2.28016 -3.0473 -1.51301 
2.11 -2.27409 -3.04227 -1.50591 
2.12 -2.26803 -3.03725 -1.49881 
2.13 -2.26196 -3.03222 -1.49171 
2.14 -2.2559 -3.02719 -1.48461 
2.15 -2.24983 -3.02216 -1.47751 
2.16 -2.24377 -3.01713 -1.47041 
2.17 -2.2377 -3.0121 -1.46331 
2.18 -2.23164 -3.00707 -1.45621 
2.19 -2.22558 -3.00204 -1.44911 
2.2 -2.21951 -2.99701 -1.44201 
2.21 -2.21345 -2.99199 -1.43491 
2.22 -2.20738 -2.98696 -1.42781 
2.23 -2.20132 -2.98193 -1.42071 
2.24 -2.19526 -2.9769 -1.41361 
2.25 -2.18919 -2.97187 -1.40651 
2.26 -2.18313 -2.96685 -1.39942 
2.27 -2.17707 -2.96182 -1.39232 
2.28 -2.171 -2.95679 -1.38522 
2.29 -2.16494 -2.95176 -1.37812 
2.3 -2.15888 -2.94674 -1.37102 
2.31 -2.15282 -2.94171 -1.36392 
2.32 -2.14675 -2.93668 -1.35682 
2.33 -2.14069 -2.93166 -1.34972 
2.34 -2.13463 -2.92663 -1.34263 
2.35 -2.12857 -2.92161 -1.33553 
2.36 -2.1225 -2.91658 -1.32843 
2.37 -2.11644 -2.91155 -1.32133 
2.38 -2.11038 -2.90653 -1.31423 
2.39 -2.10432 -2.9015 -1.30714 
2.4 -2.09826 -2.89648 -1.30004 
2.41 -2.0922 -2.89145 -1.29294 
2.42 -2.08614 -2.88643 -1.28584 
2.43 -2.08007 -2.8814 -1.27874 
2.44 -2.07401 -2.87638 -1.27165 
2.45 -2.06795 -2.87136 -1.26455 
2.46 -2.06189 -2.86633 -1.25745 
2.47 -2.05583 -2.86131 -1.25036 
2.48 -2.04977 -2.85629 -1.24326 
2.49 -2.04371 -2.85126 -1.23616 
2.5 -2.03765 -2.84624 -1.22906 
2.51 -2.03159 -2.84122 -1.22197 
2.52 -2.02553 -2.83619 -1.21487 
2.53 -2.01947 -2.83117 -1.20778 
2.54 -2.01341 -2.82615 -1.20068 
2.55 -2.00735 -2.82113 -1.19358 
2.56 -2.0013 -2.8161 -1.18649 
2.57 -1.99524 -2.81108 -1.17939 
2.58 -1.98918 -2.80606 -1.17229 
2.59 -1.98312 -2.80104 -1.1652 
2.6 -1.97706 -2.79602 -1.1581 
2.61 -1.971 -2.791 -1.15101 
2.62 -1.96495 -2.78598 -1.14391 
2.63 -1.95889 -2.78096 -1.13682 
2.64 -1.95283 -2.77594 -1.12972 
2.65 -1.94677 -2.77092 -1.12263 
2.66 -1.94072 -2.7659 -1.11553 
2.67 -1.93466 -2.76088 -1.10844 
2.68 -1.9286 -2.75586 -1.10134 
2.69 -1.92254 -2.75084 -1.09425 
2.7 -1.91649 -2.74582 -1.08715 
2.71 -1.91043 -2.7408 -1.08006 
2.72 -1.90438 -2.73579 -1.07297 
2.73 -1.89832 -2.73077 -1.06587 
2.74 -1.89226 -2.72575 -1.05878 
2.75 -1.88621 -2.72073 -1.05168 
2.76 -1.88015 -2.71572 -1.04459 
2.77 -1.8741 -2.7107 -1.0375 
2.78 -1.86804 -2.70568 -1.0304 
2.79 -1.86199 -2.70067 -1.02331 
2.8 -1.85593 -2.69565 -1.01622 
2.81 -1.84988 -2.69064 -1.00913 
2.82 -1.84383 -2.68562 -1.00203 
2.83 -1.83777 -2.6806 -0.99494 
2.84 -1.83172 -2.67559 -0.987847 
2.85 -1.82567 -2.67058 -0.980755 
2.86 -1.81961 -2.66556 -0.973663 
2.87 -1.81356 -2.66055 -0.966571 
2.88 -1.80751 -2.65553 -0.95948 
2.89 -1.80145 -2.65052 -0.952388 
2.9 -1.7954 -2.64551 -0.945297 
2.91 -1.78935 -2.64049 -0.938205 
2.92 -1.7833 -2.63548 -0.931114 
2.93 -1.77725 -2.63047 -0.924023 
2.94 -1.7712 -2.62546 -0.916933 
2.95 -1.76514 -2.62045 -0.909842 
2.96 -1.75909 -2.61544 -0.902752 
2.97 -1.75304 -2.61043 -0.895661 
2.98 -1.74699 -2.60541 -0.888571 
2.99 -1.74094 -2.6004 -0.881481 
3 -1.73489 -2.59539 -0.874392 
3.01 -1.72884 -2.59039 -0.867302 
3.02 -1.72279 -2.58538 -0.860213 
3.03 -1.71675 -2.58037 -0.853124 
3.04 -1.7107 -2.57536 -0.846035 
3.05 -1.70465 -2.57035 -0.838946 
3.06 -1.6986 -2.56534 -0.831857 
3.07 -1.69255 -2.56034 -0.824769 
3.08 -1.6865 -2.55533 -0.817681 
3.09 -1.68046 -2.55032 -0.810593 
3.1 -1.67441 -2.54532 -0.803505 
3.11 -1.66836 -2.54031 -0.796417 
3.12 -1.66232 -2.5353 -0.78933 
3.13 -1.65627 -2.5303 -0.782242 
3.14 -1.65023 -2.5253 -0.775155 
3.15 -1.64418 -2.52029 -0.768069 
3.16 -1.63813 -2.51529 -0.760982 
3.17 -1.63209 -2.51028 -0.753896 
3.18 -1.62604 -2.50528 -0.74681 
3.19 -1.62 -2.50028 -0.739724 
3.2 -1.61396 -2.49528 -0.732638 
3.21 -1.60791 -2.49027 -0.725552 
3.22 -1.60187 -2.48527 -0.718467 
3.23 -1.59583 -2.48027 -0.711382 
3.24 -1.58978 -2.47527 -0.704297 
3.25 -1.58374 -2.47027 -0.697212 
3.26 -1.5777 -2.46527 -0.690128 
3.27 -1.57166 -2.46027 -0.683044 
3.28 -1.56562 -2.45527 -0.67596 
3.29 -1.55958 -2.45027 -0.668876 
3.3 -1.55353 -2.44528 -0.661793 
3.31 -1.54749 -2.44028 -0.65471 
3.32 -1.54145 -2.43528 -0.647627 
3.33 -1.53541 -2.43028 -0.640544 
3.34 -1.52938 -2.42529 -0.633462 
3.35 -1.52334 -2.42029 -0.62638 
3.36 -1.5173 -2.4153 -0.619298 
3.37 -1.51126 -2.4103 -0.612216 
3.38 -1.50522 -2.40531 -0.605135 
3.39 -1.49918 -2.40032 -0.598053 
3.4 -1.49315 -2.39532 -0.590972 
3.41 -1.48711 -2.39033 -0.583892 
3.42 -1.48107 -2.38534 -0.576812 
3.43 -1.47504 -2.38035 -0.569731 
3.44 -1.469 -2.37536 -0.562652 
3.45 -1.46297 -2.37036 -0.555572 
3.46 -1.45693 -2.36537 -0.548493 
3.47 -1.4509 -2.36039 -0.541414 
3.48 -1.44487 -2.3554 -0.534335 
3.49 -1.43883 -2.35041 -0.527257 
3.5 -1.4328 -2.34542 -0.520179 
3.51 -1.42677 -2.34043 -0.513101 
3.52 -1.42073 -2.33545 -0.506024 
3.53 -1.4147 -2.33046 -0.498947 
3.54 -1.40867 -2.32547 -0.49187 
3.55 -1.40264 -2.32049 -0.484793 
3.56 -1.39661 -2.3155 -0.477717 
3.57 -1.39058 -2.31052 -0.470641 
3.58 -1.38455 -2.30554 -0.463565 
3.59 -1.37852 -2.30056 -0.45649 
3.6 -1.37249 -2.29557 -0.449415 
3.61 -1.36647 -2.29059 -0.442341 
3.62 -1.36044 -2.28561 -0.435266 
3.63 -1.35441 -2.28063 -0.428192 
3.64 -1.34839 -2.27565 -0.421119 
3.65 -1.34236 -2.27067 -0.414045 
3.66 -1.33633 -2.26569 -0.406972 
3.67 -1.33031 -2.26072 -0.3999 
3.68 -1.32428 -2.25574 -0.392828 
3.69 -1.31826 -2.25076 -0.385756 
3.7 -1.31224 -2.24579 -0.378684 
3.71 -1.30621 -2.24081 -0.371613 
3.72 -1.30019 -2.23584 -0.364542 
3.73 -1.29417 -2.23087 -0.357472 
3.74 -1.28815 -2.22589 -0.350402 
3.75 -1.28213 -2.22092 -0.343332 
3.76 -1.27611 -2.21595 -0.336263 
3.77 -1.27009 -2.21098 -0.329194 
3.78 -1.26407 -2.20601 -0.322126 
3.79 -1.25805 -2.20104 -0.315057 
3.8 -1.25203 -2.19607 -0.30799 
3.81 -1.24601 -2.19111 -0.300922 
3.82 -1.24 -2.18614 -0.293856 
3.83 -1.23398 -2.18117 -0.286789 
3.84 -1.22797 -2.17621 -0.279723 
3.85 -1.22195 -2.17124 -0.272657 
3.86 -1.21594 -2.16628 -0.265592 
3.87 -1.20992 -2.16132 -0.258527 
3.88 -1.20391 -2.15635 -0.251463 
3.89 -1.1979 -2.15139 -0.244399 
3.9 -1.19188 -2.14643 -0.237335 
3.91 -1.18587 -2.14147 -0.230272 
3.92 -1.17986 -2.13652 -0.22321 
3.93 -1.17385 -2.13156 -0.216148 
3.94 -1.16784 -2.1266 -0.209086 
3.95 -1.16183 -2.12164 -0.202025 
3.96 -1.15583 -2.11669 -0.194964 
3.97 -1.14982 -2.11173 -0.187904 
3.98 -1.14381 -2.10678 -0.180844 
3.99 -1.13781 -2.10183 -0.173784 
4 -1.1318 -2.09688 -0.166726 
4.01 -1.1258 -2.09193 -0.159667 
4.02 -1.11979 -2.08698 -0.152609 
4.03 -1.11379 -2.08203 -0.145552 
4.04 -1.10779 -2.07708 -0.138495 
4.05 -1.10179 -2.07213 -0.131439 
4.06 -1.09579 -2.06719 -0.124383 
4.07 -1.08978 -2.06224 -0.117328 
4.08 -1.08379 -2.0573 -0.110273 
4.09 -1.07779 -2.05236 -0.103218 
4.1 -1.07179 -2.04741 -0.0961648 
4.11 -1.06579 -2.04247 -0.0891116 
4.12 -1.0598 -2.03753 -0.0820589 
4.13 -1.0538 -2.03259 -0.0750069 
4.14 -1.04781 -2.02766 -0.0679553 
4.15 -1.04181 -2.02272 -0.0609044 
4.16 -1.03582 -2.01778 -0.053854 
4.17 -1.02983 -2.01285 -0.0468042 
4.18 -1.02384 -2.00792 -0.0397549 
4.19 -1.01784 -2.00298 -0.0327063 
4.2 -1.01186 -1.99805 -0.0256582 
4.21 -1.00587 -1.99312 -0.0186108 
4.22 -0.999879 -1.98819 -0.0115639 
4.23 -0.993892 -1.98327 -0.00451766 
4.24 -0.987905 -1.97834 0.00252797 
4.25 -0.98192 -1.97341 0.00957297 
4.26 -0.975936 -1.96849 0.0166173 
4.27 -0.969952 -1.96357 0.0236611 
4.28 -0.96397 -1.95864 0.0307042 
4.29 -0.957988 -1.95372 0.0377466 
4.3 -0.952008 -1.9488 0.0447884 
4.31 -0.946028 -1.94389 0.0518295 
4.32 -0.94005 -1.93897 0.05887 
4.33 -0.934072 -1.93405 0.0659098 
4.34 -0.928095 -1.92914 0.0729489 
4.35 -0.922119 -1.92423 0.0799873 
4.36 -0.916145 -1.91931 0.087025 
4.37 -0.910171 -1.9144 0.094062 
4.38 -0.904198 -1.90949 0.101098 
4.39 -0.898227 -1.90459 0.108134 
4.4 -0.892256 -1.89968 0.115169 
4.41 -0.886287 -1.89478 0.122203 
4.42 -0.880318 -1.88987 0.129236 
4.43 -0.874351 -1.88497 0.136269 
4.44 -0.868384 -1.88007 0.143301 
4.45 -0.862419 -1.87517 0.150332 
4.46 -0.856455 -1.87027 0.157362 
4.47 -0.850492 -1.86538 0.164392 
4.48 -0.84453 -1.86048 0.171421 
4.49 -0.83857 -1.85559 0.178449 
4.5 -0.83261 -1.8507 0.185476 
4.51 -0.826652 -1.84581 0.192502 
4.52 -0.820694 -1.84092 0.199528 
4.53 -0.814738 -1.83603 0.206553 
4.54 -0.808784 -1.83114 0.213576 
4.55 -0.80283 -1.82626 0.2206 
4.56 -0.796878 -1.82138 0.227622 
4.57 -0.790927 -1.8165 0.234643 
4.58 -0.784977 -1.81162 0.241664 
4.59 -0.779028 -1.80674 0.248683 
4.6 -0.773081 -1.80186 0.255702 
4.61 -0.767135 -1.79699 0.26272 
4.62 -0.76119 -1.79212 0.269737 
4.63 -0.755247 -1.78725 0.276753 
4.64 -0.749304 -1.78238 0.283768 
4.65 -0.743364 -1.77751 0.290782 
4.66 -0.737424 -1.77264 0.297795 
4.67 -0.731486 -1.76778 0.304808 
4.68 -0.72555 -1.76292 0.311819 
4.69 -0.719614 -1.75806 0.318829 
4.7 -0.713681 -1.7532 0.325839 
4.71 -0.707748 -1.74834 0.332847 
4.72 -0.701817 -1.74349 0.339855 
4.73 -0.695888 -1.73864 0.346861 
4.74 -0.68996 -1.73379 0.353866 
4.75 -0.684033 -1.72894 0.360871 
4.76 -0.678108 -1.72409 0.367874 
4.77 -0.672184 -1.71925 0.374876 
4.78 -0.666262 -1.7144 0.381877 
4.79 -0.660342 -1.70956 0.388878 
4.8 -0.654423 -1.70472 0.395877 
4.81 -0.648506 -1.69989 0.402875 
4.82 -0.64259 -1.69505 0.409871 
4.83 -0.636676 -1.69022 0.416867 
4.84 -0.630763 -1.68539 0.423862 
4.85 -0.624852 -1.68056 0.430855 
4.86 -0.618943 -1.67573 0.437848 
4.87 -0.613036 -1.67091 0.444839 
4.88 -0.60713 -1.66609 0.451829 
4.89 -0.601226 -1.66127 0.458818 
4.9 -0.595323 -1.65645 0.465805 
4.91 -0.589422 -1.65164 0.472792 
4.92 -0.583523 -1.64682 0.479777 
4.93 -0.577626 -1.64201 0.486761 
4.94 -0.571731 -1.63721 0.493744 
4.95 -0.565837 -1.6324 0.500725 
4.96 -0.559946 -1.6276 0.507705 
4.97 -0.554056 -1.6228 0.514684 
4.98 -0.548168 -1.618 0.521662 
4.99 -0.542282 -1.6132 0.528638 
5 -0.536397 -1.60841 0.535613 
5.01 -0.530515 -1.60362 0.542587 
5.02 -0.524635 -1.59883 0.549559 
5.03 -0.518756 -1.59404 0.55653 
5.04 -0.51288 -1.58926 0.5635 
5.05 -0.507006 -1.58448 0.570468 
5.06 -0.501133 -1.5797 0.577435 
5.07 -0.495263 -1.57493 0.5844 
5.08 -0.489395 -1.57015 0.591364 
5.09 -0.483528 -1.56538 0.598327 
5.1 -0.477664 -1.56062 0.605288 
5.11 -0.471802 -1.55585 0.612247 
5.12 -0.465943 -1.55109 0.619205 
5.13 -0.460085 -1.54633 0.626162 
5.14 -0.45423 -1.54158 0.633117 
5.15 -0.448376 -1.53682 0.640071 
5.16 -0.442525 -1.53207 0.647023 
5.17 -0.436677 -1.52733 0.653973 
5.18 -0.43083 -1.52258 0.660922 
5.19 -0.424986 -1.51784 0.667869 
5.2 -0.419144 -1.5131 0.674815 
5.21 -0.413305 -1.50837 0.681759 
5.22 -0.407467 -1.50364 0.688701 
5.23 -0.401633 -1.49891 0.695642 
5.24 -0.3958 -1.49418 0.702581 
5.25 -0.389971 -1.48946 0.709518 
5.26 -0.384143 -1.48474 0.716454 
5.27 -0.378318 -1.48002 0.723388 
5.28 -0.372496 -1.47531 0.73032 
5.29 -0.366676 -1.4706 0.73725 
5.3 -0.360859 -1.4659 0.744179 
5.31 -0.355044 -1.46119 0.751105 
5.32 -0.349232 -1.4565 0.75803 
5.33 -0.343423 -1.4518 0.764954 
5.34 -0.337616 -1.44711 0.771875 
5.35 -0.331812 -1.44242 0.778794 
5.36 -0.326011 -1.43773 0.785712 
5.37 -0.320213 -1.43305 0.792627 
5.38 -0.314417 -1.42837 0.799541 
5.39 -0.308624 -1.4237 0.806453 
5.4 -0.302834 -1.41903 0.813363 
5.41 -0.297047 -1.41436 0.82027 
5.42 -0.291262 -1.4097 0.827176 
5.43 -0.285481 -1.40504 0.83408 
5.44 -0.279703 -1.40039 0.840982 
5.45 -0.273927 -1.39574 0.847881 
5.46 -0.268155 -1.39109 0.854779 
5.47 -0.262385 -1.38644 0.861674 
5.48 -0.256619 -1.38181 0.868567 
5.49 -0.250856 -1.37717 0.875458 
5.5 -0.245096 -1.37254 0.882347 
5.51 -0.239339 -1.36791 0.889234 
5.52 -0.233585 -1.36329 0.896119 
5.53 -0.227835 -1.35867 0.903001 
5.54 -0.222088 -1.35406 0.909881 
5.55 -0.216344 -1.34945 0.916759 
5.56 -0.210604 -1.34484 0.923634 
5.57 -0.204866 -1.34024 0.930507 
5.58 -0.199133 -1.33564 0.937378 
5.59 -0.193402 -1.33105 0.944246 
5.6 -0.187676 -1.32646 0.951112 
5.61 -0.181952 -1.32188 0.957976 
5.62 -0.176232 -1.3173 0.964837 
5.63 -0.170516 -1.31273 0.971695 
5.64 -0.164804 -1.30816 0.978552 
5.65 -0.159095 -1.30359 0.985405 
5.66 -0.153389 -1.29904 0.992256 
5.67 -0.147688 -1.29448 0.999105 
5.68 -0.14199 -1.28993 1.00595 
5.69 -0.136296 -1.28539 1.01279 
5.7 -0.130606 -1.28085 1.01963 
5.71 -0.12492 -1.27631 1.02647 
5.72 -0.119237 -1.27178 1.03331 
5.73 -0.113559 -1.26726 1.04014 
5.74 -0.107885 -1.26274 1.04697 
5.75 -0.102214 -1.25822 1.0538 
5.76 -0.096548 -1.25372 1.06062 
5.77 -0.0908858 -1.24921 1.06744 
5.78 -0.0852277 -1.24471 1.07426 
5.79 -0.0795739 -1.24022 1.08107 
5.8 -0.0739243 -1.23574 1.08789 
5.81 -0.068279 -1.23125 1.0947 
5.82 -0.062638 -1.22678 1.1015 
5.83 -0.0570014 -1.22231 1.10831 
5.84 -0.0513692 -1.21785 1.11511 
5.85 -0.0457414 -1.21339 1.1219 
5.86 -0.0401182 -1.20893 1.1287 
5.87 -0.0344995 -1.20449 1.13549 
5.88 -0.0288854 -1.20005 1.14228 
5.89 -0.0232759 -1.19561 1.14906 
5.9 -0.0176711 -1.19119 1.15584 
5.91 -0.0120711 -1.18676 1.16262 
5.92 -0.0064758 -1.18235 1.1694 
5.93 -0.000885351 -1.17794 1.17617 
5.94 0.00470022 -1.17354 1.18294 
5.95 0.0102809 -1.16914 1.1897 
5.96 0.0158565 -1.16475 1.19646 
5.97 0.0214272 -1.16036 1.20322 
5.98 0.0269927 -1.15599 1.20997 
5.99 0.0325532 -1.15162 1.21672 
6 0.0381084 -1.14725 1.22347 
6.01 0.0436585 -1.1429 1.23021 
6.02 0.0492032 -1.13855 1.23695 
6.03 0.0547426 -1.1342 1.24369 
6.04 0.0602767 -1.12987 1.25042 
6.05 0.0658052 -1.12554 1.25715 
6.06 0.0713283 -1.12122 1.26388 
6.07 0.0768459 -1.11691 1.2706 
6.08 0.0823578 -1.1126 1.27731 
6.09 0.087864 -1.1083 1.28403 
6.1 0.0933646 -1.10401 1.29074 
6.11 0.0988593 -1.09972 1.29744 
6.12 0.104348 -1.09545 1.30414 
6.13 0.109831 -1.09118 1.31084 
6.14 0.115308 -1.08692 1.31753 
6.15 0.120779 -1.08266 1.32422 
6.16 0.126244 -1.07842 1.33091 
6.17 0.131703 -1.07418 1.33759 
6.18 0.137156 -1.06995 1.34426 
6.19 0.142602 -1.06573 1.35093 
6.2 0.148042 -1.06152 1.3576 
6.21 0.153476 -1.05731 1.36426 
6.22 0.158903 -1.05312 1.37092 
6.23 0.164324 -1.04893 1.37758 
6.24 0.169738 -1.04475 1.38422 
6.25 0.175145 -1.04058 1.39087 
6.26 0.180546 -1.03642 1.39751 
6.27 0.18594 -1.03226 1.40414 
6.28 0.191327 -1.02812 1.41078 
6.29 0.196707 -1.02399 1.4174 
6.3 0.20208 -1.01986 1.42402 
6.31 0.207447 -1.01574 1.43064 
6.32 0.212806 -1.01164 1.43725 
6.33 0.218157 -1.00754 1.44385 
6.34 0.223502 -1.00345 1.45046 
6.35 0.228839 -0.999373 1.45705 
6.36 0.234169 -0.995305 1.46364 
6.37 0.239491 -0.991246 1.47023 
6.38 0.244806 -0.987197 1.47681 
6.39 0.250113 -0.983158 1.48338 
6.4 0.255412 -0.979129 1.48995 
6.41 0.260704 -0.97511 1.49652 
6.42 0.265987 -0.971102 1.50308 
6.43 0.271263 -0.967104 1.50963 
6.44 0.276531 -0.963116 1.51618 
6.45 0.28179 -0.959139 1.52272 
6.46 0.287041 -0.955173 1.52926 
6.47 0.292285 -0.951218 1.53579 
6.48 0.297519 -0.947273 1.54231 
6.49 0.302745 -0.94334 1.54883 
6.5 0.307963 -0.939418 1.55534 
6.51 0.313172 -0.935507 1.56185 
6.52 0.318372 -0.931607 1.56835 
6.53 0.323564 -0.927719 1.57485 
6.54 0.328747 -0.923843 1.58134 
6.55 0.33392 -0.919978 1.58782 
6.56 0.339085 -0.916125 1.5943 
6.57 0.34424 -0.912284 1.60077 
6.58 0.349387 -0.908456 1.60723 
6.59 0.354523 -0.904639 1.61369 
6.6 0.359651 -0.900835 1.62014 
6.61 0.364769 -0.897043 1.62658 
6.62 0.369877 -0.893264 1.63302 
6.63 0.374976 -0.889497 1.63945 
6.64 0.380064 -0.885743 1.64587 
6.65 0.385143 -0.882003 1.65229 
6.66 0.390212 -0.878275 1.6587 
6.67 0.395271 -0.874561 1.6651 
6.68 0.400319 -0.87086 1.6715 
6.69 0.405357 -0.867172 1.67789 
6.7 0.410385 -0.863498 1.68427 
6.71 0.415402 -0.859838 1.69064 
6.72 0.420409 -0.856192 1.69701 
6.73 0.425404 -0.85256 1.70337 
6.74 0.430389 -0.848942 1.70972 
6.75 0.435363 -0.845338 1.71606 
6.76 0.440326 -0.841749 1.7224 
6.77 0.445278 -0.838174 1.72873 
6.78 0.450218 -0.834614 1.73505 
6.79 0.455147 -0.831069 1.74136 
6.8 0.460065 -0.827539 1.74767 
6.81 0.464971 -0.824025 1.75397 
6.82 0.469865 -0.820526 1.76026 
6.83 0.474747 -0.817042 1.76654 
6.84 0.479617 -0.813574 1.77281 
6.85 0.484475 -0.810121 1.77907 
6.86 0.489321 -0.806685 1.78533 
6.87 0.494155 -0.803265 1.79157 
6.88 0.498976 -0.799861 1.79781 
6.89 0.503784 -0.796474 1.80404 
6.9 0.50858 -0.793103 1.81026 
6.91 0.513363 -0.78975 1.81648 
6.92 0.518133 -0.786413 1.82268 
6.93 0.522889 -0.783093 1.82887 
6.94 0.527633 -0.779791 1.83506 
6.95 0.532363 -0.776506 1.84123 
6.96 0.537079 -0.773238 1.8474 
6.97 0.541782 -0.769989 1.85355 
6.98 0.546471 -0.766758 1.8597 
6.99 0.551147 -0.763545 1.86584 
7 0.555808 -0.76035 1.87197 
7.01 0.560454 -0.757174 1.87808 
7.02 0.565087 -0.754017 1.88419 
7.03 0.569705 -0.750878 1.89029 
7.04 0.574308 -0.747759 1.89638 
7.05 0.578897 -0.744659 1.90245 
7.06 0.58347 -0.741579 1.90852 
7.07 0.588029 -0.738518 1.91458 
7.08 0.592572 -0.735477 1.92062 
7.09 0.5971 -0.732457 1.92666 
7.1 0.601612 -0.729457 1.93268 
7.11 0.606109 -0.726477 1.93869 
7.12 0.61059 -0.723518 1.9447 
7.13 0.615054 -0.72058 1.95069 
7.14 0.619503 -0.717663 1.95667 
7.15 0.623935 -0.714768 1.96264 
7.16 0.628351 -0.711894 1.96859 
7.17 0.63275 -0.709042 1.97454 
7.18 0.637132 -0.706211 1.98047 
7.19 0.641497 -0.703404 1.9864 
7.2 0.645845 -0.700618 1.99231 
7.21 0.650175 -0.697856 1.99821 
7.22 0.654488 -0.695116 2.00409 
7.23 0.658783 -0.692399 2.00997 
7.24 0.663061 -0.689706 2.01583 
7.25 0.66732 -0.687037 2.02168 
7.26 0.671561 -0.684391 2.02751 
7.27 0.675784 -0.681769 2.03334 
7.28 0.679988 -0.679172 2.03915 
7.29 0.684173 -0.6766 2.04494 
7.3 0.688339 -0.674052 2.05073 
7.31 0.692486 -0.671529 2.0565 
7.32 0.696613 -0.669032 2.06226 
7.33 0.700721 -0.66656 2.068 
7.34 0.70481 -0.664114 2.07373 
7.35 0.708878 -0.661694 2.07945 
7.36 0.712926 -0.6593 2.08515 
7.37 0.716954 -0.656934 2.09084 
7.38 0.720961 -0.654594 2.09652 
7.39 0.724947 -0.652281 2.10218 
7.4 0.728913 -0.649995 2.10782 
7.41 0.732857 -0.647738 2.11345 
7.42 0.736779 -0.645508 2.11907 
7.43 0.74068 -0.643307 2.12467 
7.44 0.74456 -0.641134 2.13025 
7.45 0.748417 -0.63899 2.13582 
7.46 0.752252 -0.636875 2.14138 
7.47 0.756064 -0.63479 2.14692 
7.48 0.759854 -0.632735 2.15244 
7.49 0.76362 -0.630709 2.15795 
7.5 0.767364 -0.628714 2.16344 
7.51 0.771084 -0.626749 2.16892 
7.52 0.77478 -0.624815 2.17438 
7.53 0.778452 -0.622913 2.17982 
7.54 0.7821 -0.621042 2.18524 
7.55 0.785724 -0.619203 2.19065 
7.56 0.789323 -0.617397 2.19604 
7.57 0.792898 -0.615622 2.20142 
7.58 0.796447 -0.613881 2.20677 
7.59 0.799971 -0.612173 2.21211 
7.6 0.803469 -0.610498 2.21744 
7.61 0.806941 -0.608857 2.22274 
7.62 0.810387 -0.607251 2.22802 
7.63 0.813807 -0.605679 2.23329 
7.64 0.817199 -0.604142 2.23854 
7.65 0.820565 -0.60264 2.24377 
7.66 0.823904 -0.601173 2.24898 
7.67 0.827215 -0.599743 2.25417 
7.68 0.830499 -0.598349 2.25935 
7.69 0.833754 -0.596992 2.2645 
7.7 0.836981 -0.595671 2.26963 
7.71 0.84018 -0.594388 2.27475 
7.72 0.843349 -0.593143 2.27984 
7.73 0.846489 -0.591936 2.28492 
7.74 0.8496 -0.590768 2.28997 
7.75 0.852681 -0.589639 2.295 
7.76 0.855732 -0.588549 2.30001 
7.77 0.858752 -0.587498 2.305 
7.78 0.861742 -0.586488 2.30997 
7.79 0.864701 -0.585518 2.31492 
7.8 0.867628 -0.58459 2.31985 
7.81 0.870524 -0.583702 2.32475 
7.82 0.873388 -0.582857 2.32963 
7.83 0.87622 -0.582053 2.33449 
7.84 0.879019 -0.581292 2.33933 
7.85 0.881785 -0.580575 2.34414 
7.86 0.884517 -0.5799 2.34894 
7.87 0.887217 -0.57927 2.3537 
7.88 0.889882 -0.578684 2.35845 
7.89 0.892513 -0.578143 2.36317 
7.9 0.895109 -0.577647 2.36786 
7.91 0.89767 -0.577197 2.37254 
7.92 0.900196 -0.576793 2.37719 
7.93 0.902687 -0.576435 2.38181 
7.94 0.905141 -0.576125 2.38641 
7.95 0.907559 -0.575862 2.39098 
7.96 0.90994 -0.575647 2.39553 
7.97 0.912284 -0.575481 2.40005 
7.98 0.914591 -0.575364 2.40455 
7.99 0.91686 -0.575296 2.40902 
8 0.91909 -0.575278 2.41346 
8.01 0.921282 -0.575311 2.41787 
8.02 0.923434 -0.575395 2.42226 
8.03 0.925548 -0.575531 2.42663 
8.04 0.927621 -0.575718 2.43096 
8.05 0.929654 -0.575958 2.43527 
8.06 0.931647 -0.576251 2.43955 
8.07 0.933599 -0.576598 2.4438 
8.08 0.935509 -0.576999 2.44802 
8.09 0.937377 -0.577454 2.45221 
8.1 0.939203 -0.577965 2.45637 
8.11 0.940986 -0.578532 2.46051 
8.12 0.942727 -0.579155 2.46461 
8.13 0.944423 -0.579835 2.46868 
8.14 0.946076 -0.580573 2.47272 
8.15 0.947684 -0.581369 2.47674 
8.16 0.949247 -0.582223 2.48072 
8.17 0.950765 -0.583137 2.48467 
8.18 0.952237 -0.58411 2.48858 
8.19 0.953663 -0.585144 2.49247 
8.2 0.955042 -0.586239 2.49632 
8.21 0.956374 -0.587396 2.50014 
8.22 0.957658 -0.588615 2.50393 
8.23 0.958894 -0.589897 2.50769 
8.24 0.960081 -0.591243 2.51141 
8.25 0.96122 -0.592653 2.51509 
8.26 0.962308 -0.594128 2.51874 
8.27 0.963347 -0.595668 2.52236 
8.28 0.964335 -0.597274 2.52594 
8.29 0.965271 -0.598947 2.52949 
8.3 0.966156 -0.600688 2.533 
8.31 0.966989 -0.602497 2.53648 
8.32 0.96777 -0.604375 2.53991 
8.33 0.968497 -0.606322 2.54332 
8.34 0.96917 -0.60834 2.54668 
8.35 0.969789 -0.610428 2.55001 
8.36 0.970353 -0.612588 2.55329 
8.37 0.970862 -0.614821 2.55654 
8.38 0.971315 -0.617127 2.55976 
8.39 0.971711 -0.619506 2.56293 
8.4 0.97205 -0.621961 2.56606 
8.41 0.972332 -0.62449 2.56915 
8.42 0.972555 -0.627096 2.57221 
8.43 0.97272 -0.629779 2.57522 
8.44 0.972825 -0.632539 2.57819 
8.45 0.97287 -0.635377 2.58112 
8.46 0.972854 -0.638295 2.584 
8.47 0.972778 -0.641293 2.58685 
8.48 0.972639 -0.644372 2.58965 
8.49 0.972438 -0.647532 2.59241 
8.5 0.972174 -0.650775 2.59512 
8.51 0.971846 -0.654101 2.59779 
8.52 0.971454 -0.657511 2.60042 
8.53 0.970997 -0.661007 2.603 
8.54 0.970474 -0.664587 2.60554 
8.55 0.969885 -0.668255 2.60802 
8.56 0.969229 -0.67201 2.61047 
8.57 0.968505 -0.675854 2.61286 
8.58 0.967713 -0.679787 2.61521 
8.59 0.966852 -0.68381 2.61751 
8.6 0.965921 -0.687924 2.61977 
8.61 0.96492 -0.692131 2.62197 
8.62 0.963847 -0.69643 2.62412 
8.63 0.962703 -0.700823 2.62623 
8.64 0.961486 -0.705311 2.62828 
8.65 0.960196 -0.709895 2.63029 
8.66 0.958832 -0.714576 2.63224 
8.67 0.957393 -0.719354 2.63414 
8.68 0.955879 -0.724231 2.63599 
8.69 0.954288 -0.729208 2.63778 
8.7 0.95262 -0.734285 2.63953 
8.71 0.950875 -0.739464 2.64121 
8.72 0.949051 -0.744746 2.64285 
8.73 0.947147 -0.750132 2.64443 
8.74 0.945163 -0.755622 2.64595 
8.75 0.943099 -0.761219 2.64742 
8.76 0.940952 -0.766922 2.64883 
8.77 0.938723 -0.772733 2.65018 
8.78 0.93641 -0.778654 2.65147 
8.79 0.934013 -0.784684 2.65271 
8.8 0.931531 -0.790826 2.65389 
8.81 0.928963 -0.797081 2.65501 
8.82 0.926308 -0.803448 2.65606 
8.83 0.923565 -0.809931 2.65706 
8.84 0.920734 -0.816529 2.658 
8.85 0.917813 -0.823245 2.65887 
8.86 0.914802 -0.830078 2.65968 
8.87 0.911699 -0.837031 2.66043 
8.88 0.908504 -0.844105 2.66111 
8.89 0.905216 -0.8513 2.66173 
8.9 0.901834 -0.858618 2.66229 
8.91 0.898357 -0.866061 2.66277 
8.92 0.894784 -0.873629 2.6632 
8.93 0.891114 -0.881323 2.66355 
8.94 0.887346 -0.889146 2.66384 
8.95 0.883478 -0.897098 2.66406 
8.96 0.879511 -0.905181 2.6642 
8.97 0.875444 -0.913396 2.66428 
8.98 0.871274 -0.921744 2.66429 
8.99 0.867001 -0.930226 2.66423 
9 0.862624 -0.938844 2.66409 
9.01 0.858142 -0.9476 2.66388 
9.02 0.853554 -0.956494 2.6636 
9.03 0.848859 -0.965529 2.66325 
9.04 0.844056 -0.974705 2.66282 
9.05 0.839143 -0.984024 2.66231 
9.06 0.83412 -0.993487 2.66173 
9.07 0.828985 -1.0031 2.66107 
9.08 0.823738 -1.01285 2.66033 
9.09 0.818377 -1.02276 2.65951 
9.1 0.8129 -1.03281 2.65861 
9.11 0.807308 -1.04302 2.65764 
9.12 0.801599 -1.05338 2.65658 
9.13 0.795771 -1.06389 2.65544 
9.14 0.789823 -1.07457 2.65421 
9.15 0.783755 -1.0854 2.65291 
9.16 0.777564 -1.09638 2.65151 
9.17 0.771251 -1.10753 2.65004 
9.18 0.764812 -1.11885 2.64847 
9.19 0.758248 -1.13032 2.64682 
9.2 0.751557 -1.14197 2.64508 
9.21 0.744738 -1.15378 2.64325 
9.22 0.737789 -1.16576 2.64134 
9.23 0.730709 -1.17791 2.63933 
9.24 0.723497 -1.19023 2.63723 
9.25 0.716152 -1.20273 2.63504 
9.26 0.708671 -1.21541 2.63275 
9.27 0.701055 -1.22826 2.63037 
9.28 0.6933 -1.24129 2.6279 
9.29 0.685407 -1.25451 2.62532 
9.3 0.677373 -1.26791 2.62265 
9.31 0.669198 -1.28149 2.61989 
9.32 0.660879 -1.29526 2.61702 
9.33 0.652416 -1.30922 2.61405 
9.34 0.643806 -1.32337 2.61098 
9.35 0.635049 -1.33772 2.60781 
9.36 0.626143 -1.35225 2.60454 
9.37 0.617086 -1.36699 2.60116 
9.38 0.607877 -1.38192 2.59768 
9.39 0.598515 -1.39706 2.59409 
9.4 0.588997 -1.4124 2.59039 
9.41 0.579323 -1.42794 2.58658 
9.42 0.56949 -1.44369 2.58267 
9.43 0.559498 -1.45965 2.57864 
9.44 0.549344 -1.47582 2.5745 
9.45 0.539026 -1.4922 2.57025 
9.46 0.528545 -1.5088 2.56589 
9.47 0.517896 -1.52561 2.56141 
9.48 0.50708 -1.54265 2.55681 
9.49 0.496094 -1.55991 2.55209 
9.5 0.484936 -1.57739 2.54726 
9.51 0.473606 -1.59509 2.54231 
9.52 0.4621 -1.61303 2.53723 
9.53 0.450418 -1.6312 2.53203 
9.54 0.438557 -1.6496 2.52671 
9.55 0.426516 -1.66823 2.52127 
9.56 0.414292 -1.68711 2.51569 
9.57 0.401885 -1.70622 2.50999 
9.58 0.389292 -1.72558 2.50417 
9.59 0.376512 -1.74518 2.49821 
9.6 0.363542 -1.76503 2.49212 
9.61 0.35038 -1.78513 2.48589 
9.62 0.337026 -1.80549 2.47954 
9.63 0.323476 -1.8261 2.47305 
9.64 0.309728 -1.84696 2.46642 
9.65 0.295782 -1.86809 2.45965 
9.66 0.281634 -1.88948 2.45275 
9.67 0.267283 -1.91113 2.4457 
9.68 0.252727 -1.93306 2.43851 
9.69 0.237963 -1.95525 2.43118 
9.7 0.22299 -1.97772 2.4237 
9.71 0.207806 -2.00046 2.41608 
9.72 0.192407 -2.02349 2.4083 
9.73 0.176793 -2.04679 2.40038 
9.74 0.160961 -2.07039 2.39231 
9.75 0.144909 -2.09426 2.38408 
9.76 0.128634 -2.11843 2.3757 
9.77 0.112135 -2.1429 2.36717 
9.78 0.095409 -2.16766 2.35847 
9.79 0.0784537 -2.19272 2.34962 
9.8 0.0612669 -2.21808 2.34061 
9.81 0.0438464 -2.24375 2.33144 
9.82 0.0261897 -2.26972 2.3221 
9.83 0.00829448 -2.29601 2.3126 
9.84 -0.00984164 -2.32261 2.30293 
9.85 -0.0282211 -2.34953 2.29309 
9.86 -0.0468463 -2.37677 2.28308 
9.87 -0.0657198 -2.40434 2.2729 
9.88 -0.084844 -2.43224 2.26255 
9.89 -0.104222 -2.46046 2.25202 
9.9 -0.123855 -2.48902 2.24131 
9.91 -0.143746 -2.51792 2.23042 
9.92 -0.163899 -2.54716 2.21936 
9.93 -0.184315 -2.57674 2.20811 
9.94 -0.204998 -2.60667 2.19667 
9.95 -0.225949 -2.63695 2.18505 
9.96 -0.247172 -2.66759 2.17324 
9.97 -0.26867 -2.69859 2.16125 
9.98 -0.290444 -2.72994 2.14906 
9.99 -0.312499 -2.76167 2.13667 
