0 0 0 0
1 1 0.333333 2
2 4 2.66667 4
3 9 9 6
4 16 21.3333 8
5 25 41.6667 10
6 36 72 12
7 49 114.333 14
8 64 170.667 16
9 81 243 18
10 100 333.333 20


0 0 0 0.577348
0.1 0.0581575 0.00289731 0.590028
0.2 0.118851 0.011716 0.628066
0.3 0.184616 0.0268365 0.691464
0.4 0.257989 0.0488928 0.780221
0.5 0.341506 0.0787724 0.894337
0.6 0.437702 0.117617 1.03381
0.7 0.549113 0.16682 1.19865
0.8 0.678276 0.228031 1.38884
0.9 0.827727 0.303151 1.60439
1 1 0.394337 1.8453
1.1 1.1971 0.503983 2.0955
1.2 1.41887 0.634579 2.3389
1.3 1.66465 0.788558 2.5755
1.4 1.93375 0.968286 2.8053
1.5 2.22548 1.17606 3.02831
1.6 2.53918 1.41411 3.24453
1.7 2.87416 1.68461 3.45395
1.8 3.22975 1.98963 3.65657
1.9 3.60525 2.33122 3.8524
2 4 2.71133 4.04144
2.1 4.41346 3.13184 4.22798
2.2 4.84566 3.59464 4.41635
2.3 5.29679 4.10161 4.60655
2.4 5.76703 4.65464 4.79856
2.5 6.25656 5.25565 4.9924
2.6 6.76557 5.9066 5.18807
2.7 7.29423 6.60942 5.38555
2.8 7.84274 7.36611 5.58486
2.9 8.41127 8.17864 5.78599
3 9 9.04903 5.98895
3.1 9.60908 9.97932 6.19257
3.2 10.2385 10.9715 6.39569
3.3 10.8882 12.0277 6.59831
3.4 11.5581 13.1498 6.80044
3.5 12.2483 14.34 7.00207
3.6 12.9585 15.6002 7.2032
3.7 13.6889 16.9324 7.40384
3.8 14.4393 18.3386 7.60398
3.9 15.2097 19.8209 7.80362
4 16 21.3812 8.00276
4.1 16.8102 23.0216 8.20174
4.2 17.6404 24.7439 8.40088
4.3 18.4904 26.5503 8.60019
4.4 19.3604 28.4427 8.79967
4.5 20.2503 30.423 8.99931
4.6 21.1603 32.4934 9.19912
4.7 22.0902 34.6558 9.39909
4.8 23.0401 36.9121 9.59923
4.9 24.01 39.2644 9.79953
5 25 41.7148 10
5.1 26.01 44.2651 10.2005
5.2 27.0401 46.9175 10.4008
5.3 28.0902 49.6738 10.6009
5.4 29.1603 52.5362 10.8009
5.5 30.2503 55.5065 11.0007
5.6 31.3604 58.5869 11.2003
5.7 32.4904 61.7793 11.3998
5.8 33.6404 65.0856 11.5991
5.9 34.8102 68.508 11.7983
6 36 72.0483 11.9972
6.1 37.2097 75.7087 12.1964
6.2 38.4393 79.4909 12.396
6.3 39.6889 83.3972 12.5962
6.4 40.9585 87.4294 12.7968
6.5 42.2483 91.5896 12.9979
6.6 43.5581 95.8797 13.1996
6.7 44.8882 100.302 13.4017
6.8 46.2385 104.858 13.6043
6.9 47.6091 109.55 13.8074
7 49 114.381 14.011
7.1 50.4113 119.351 14.214
7.2 51.8427 124.463 14.4151
7.3 53.2942 129.72 14.6144
7.4 54.7656 135.123 14.8119
7.5 56.2566 140.674 15.0076
7.6 57.767 146.375 15.2014
7.7 59.2968 152.228 15.3935
7.8 60.8457 158.235 15.5836
7.9 62.4135 164.398 15.772
8 64 170.718 15.9586
8.1 65.6053 177.198 16.1476
8.2 67.2297 183.84 16.3434
8.3 68.8742 190.645 16.546
8.4 70.5392 197.615 16.7555
8.5 72.2255 204.753 16.9717
8.6 73.9337 212.061 17.1947
8.7 75.6646 219.541 17.4245
8.8 77.4189 227.195 17.6611
8.9 79.1971 235.026 17.9045
9 81 243.035 18.1547
9.1 82.8277 251.226 18.3956
9.2 84.6783 259.602 18.6112
9.3 86.5491 268.163 18.8014
9.4 88.4377 276.912 18.9662
9.5 90.3415 285.851 19.1057
9.6 92.258 294.981 19.2198
9.7 94.1846 304.303 19.3085
9.8 96.1189 313.818 19.3719
9.9 98.0582 323.527 19.41
10 100 333.43 19.4227


0 0 0 0.577348
0.1 0.0581575 0.00289731 0.590028
0.2 0.118851 0.011716 0.628066
0.3 0.184616 0.0268365 0.691464
0.4 0.257989 0.0488928 0.780221
0.5 0.341506 0.0787724 0.894337
0.6 0.437702 0.117617 1.03381
0.7 0.549113 0.16682 1.19865
0.8 0.678276 0.228031 1.38884
0.9 0.827727 0.303151 1.60439
1 1 0.394337 1.8453
1.1 1.1971 0.503983 2.0955
1.2 1.41887 0.634579 2.3389
1.3 1.66465 0.788558 2.5755
1.4 1.93375 0.968286 2.8053
1.5 2.22548 1.17606 3.02831
1.6 2.53918 1.41411 3.24453
1.7 2.87416 1.68461 3.45395
1.8 3.22975 1.98963 3.65657
1.9 3.60525 2.33122 3.8524
2 4 2.71133 4.04144
2.1 4.41346 3.13184 4.22798
2.2 4.84566 3.59464 4.41635
2.3 5.29679 4.10161 4.60655
2.4 5.76703 4.65464 4.79856
2.5 6.25656 5.25565 4.9924
2.6 6.76557 5.9066 5.18807
2.7 7.29423 6.60942 5.38555
2.8 7.84274 7.36611 5.58486
2.9 8.41127 8.17864 5.78599
3 9 9.04903 5.98895
3.1 9.60908 9.97932 6.19257
3.2 10.2385 10.9715 6.39569
3.3 10.8882 12.0277 6.59831
3.4 11.5581 13.1498 6.80044
3.5 12.2483 14.34 7.00207
3.6 12.9585 15.6002 7.2032
3.7 13.6889 16.9324 7.40384
3.8 14.4393 18.3386 7.60398
3.9 15.2097 19.8209 7.80362
4 16 21.3812 8.00276
4.1 16.8102 23.0216 8.20174
4.2 17.6404 24.7439 8.40088
4.3 18.4904 26.5503 8.60019
4.4 19.3604 28.4427 8.79967
4.5 20.2503 30.423 8.99931
4.6 21.1603 32.4934 9.19912
4.7 22.0902 34.6558 9.39909
4.8 23.0401 36.9121 9.59923
4.9 24.01 39.2644 9.79953
5 25 41.7148 10
5.1 26.01 44.2651 10.2005
5.2 27.0401 46.9175 10.4008
5.3 28.0902 49.6738 10.6009
5.4 29.1603 52.5362 10.8009
5.5 30.2503 55.5065 11.0007
5.6 31.3604 58.5869 11.2003
5.7 32.4904 61.7793 11.3998
5.8 33.6404 65.0856 11.5991
5.9 34.8102 68.508 11.7983
6 36 72.0483 11.9972
6.1 37.2097 75.7087 12.1964
6.2 38.4393 79.4909 12.396
6.3 39.6889 83.3972 12.5962
6.4 40.9585 87.4294 12.7968
6.5 42.2483 91.5896 12.9979
6.6 43.5581 95.8797 13.1996
6.7 44.8882 100.302 13.4017
6.8 46.2385 104.858 13.6043
6.9 47.6091 109.55 13.8074
7 49 114.381 14.011
7.1 50.4113 119.351 14.214
7.2 51.8427 124.463 14.4151
7.3 53.2942 129.72 14.6144
7.4 54.7656 135.123 14.8119
7.5 56.2566 140.674 15.0076
7.6 57.767 146.375 15.2014
7.7 59.2968 152.228 15.3935
7.8 60.8457 158.235 15.5836
7.9 62.4135 164.398 15.772
8 64 170.718 15.9586
8.1 65.6053 177.198 16.1476
8.2 67.2297 183.84 16.3434
8.3 68.8742 190.645 16.546
8.4 70.5392 197.615 16.7555
8.5 72.2255 204.753 16.9717
8.6 73.9337 212.061 17.1947
8.7 75.6646 219.541 17.4245
8.8 77.4189 227.195 17.6611
8.9 79.1971 235.026 17.9045
9 81 243.035 18.1547
9.1 82.8277 251.226 18.3956
9.2 84.6783 259.602 18.6112
9.3 86.5491 268.163 18.8014
9.4 88.4377 276.912 18.9662
9.5 90.3415 285.851 19.1057
9.6 92.258 294.981 19.2198
9.7 94.1846 304.303 19.3085
9.8 96.1189 313.818 19.3719
9.9 98.0582 323.527 19.41
10 100 333.43 19.4227
