0 0 0
1 1 0.333333
2 4 2.66667
3 9 9
4 16 21.3333


0 0 0 0 0
0.1 0.01 0.1 0.000333333 0.005
0.2 0.04 0.2 0.00266667 0.02
0.3 0.09 0.3 0.009 0.045
0.4 0.16 0.4 0.0213333 0.08
0.5 0.25 0.5 0.0416667 0.125
0.6 0.36 0.6 0.072 0.18
0.7 0.49 0.7 0.114333 0.245
0.8 0.64 0.8 0.170667 0.32
0.9 0.81 0.9 0.243 0.405
1 1 1 0.333333 0.5
1.1 1.21 1.3 0.443667 0.615
1.2 1.44 1.6 0.576 0.76
1.3 1.69 1.9 0.732333 0.935
1.4 1.96 2.2 0.914667 1.14
1.5 2.25 2.5 1.125 1.375
1.6 2.56 2.8 1.36533 1.64
1.7 2.89 3.1 1.63767 1.935
1.8 3.24 3.4 1.944 2.26
1.9 3.61 3.7 2.28633 2.615
2 4 4 2.66667 3
2.1 4.41 4.5 3.087 3.425
2.2 4.84 5 3.54933 3.9
2.3 5.29 5.5 4.05567 4.425
2.4 5.76 6 4.608 5
2.5 6.25 6.5 5.20833 5.625
2.6 6.76 7 5.85867 6.3
2.7 7.29 7.5 6.561 7.025
2.8 7.84 8 7.31733 7.8
2.9 8.41 8.5 8.12967 8.625
3 9 9 9 9.5
3.1 9.61 9.7 9.93033 10.435
3.2 10.24 10.4 10.9227 11.44
3.3 10.89 11.1 11.979 12.515
3.4 11.56 11.8 13.1013 13.66
3.5 12.25 12.5 14.2917 14.875
3.6 12.96 13.2 15.552 16.16
3.7 13.69 13.9 16.8843 17.515
3.8 14.44 14.6 18.2907 18.94
3.9 15.21 15.3 19.773 20.435
4 16 16 21.3333 22
