0 0 0 0
1 1 0.333333 2
2 4 2.66667 4
3 9 9 6
4 16 21.3333 8
5 25 41.6667 10
6 36 72 12
7 49 114.333 14
8 64 170.667 16
9 81 243 18


0 0 0 0 0 0 1
0.1 0.01 0.1 0.000333333 0.005 0.2 1
0.2 0.04 0.2 0.00266667 0.02 0.4 1
0.3 0.09 0.3 0.009 0.045 0.6 1
0.4 0.16 0.4 0.0213333 0.08 0.8 1
0.5 0.25 0.5 0.0416667 0.125 1 1
0.6 0.36 0.6 0.072 0.18 1.2 1
0.7 0.49 0.7 0.114333 0.245 1.4 1
0.8 0.64 0.8 0.170667 0.32 1.6 1
0.9 0.81 0.9 0.243 0.405 1.8 1
1 1 1 0.333333 0.5 2 1
1.1 1.21 1.12 0.443667 0.605667 2.2 1.4
1.2 1.44 1.28 0.576 0.725333 2.4 1.8
1.3 1.69 1.48 0.732333 0.863 2.6 2.2
1.4 1.96 1.72 0.914667 1.02267 2.8 2.6
1.5 2.25 2 1.125 1.20833 3 3
1.6 2.56 2.32 1.36533 1.424 3.2 3.4
1.7 2.89 2.68 1.63767 1.67367 3.4 3.8
1.8 3.24 3.08 1.944 1.96133 3.6 4.2
1.9 3.61 3.52 2.28633 2.291 3.8 4.6
2 4 4 2.66667 2.66667 4 5
2.1 4.41 4.5 3.087 3.09167 4.2 5
2.2 4.84 5 3.54933 3.56667 4.4 5
2.3 5.29 5.5 4.05567 4.09167 4.6 5
2.4 5.76 6 4.608 4.66667 4.8 5
2.5 6.25 6.5 5.20833 5.29167 5 5
2.6 6.76 7 5.85867 5.96667 5.2 5
2.7 7.29 7.5 6.561 6.69167 5.4 5
2.8 7.84 8 7.31733 7.46667 5.6 5
2.9 8.41 8.5 8.12967 8.29167 5.8 5
3 9 9 9 9.16667 6 5
3.1 9.61 9.52 9.93033 10.0923 6.2 5.4
3.2 10.24 10.08 10.9227 11.072 6.4 5.8
3.3 10.89 10.68 11.979 12.1097 6.6 6.2
3.4 11.56 11.32 13.1013 13.2093 6.8 6.6
3.5 12.25 12 14.2917 14.375 7 7
3.6 12.96 12.72 15.552 15.6107 7.2 7.4
3.7 13.69 13.48 16.8843 16.9203 7.4 7.8
3.8 14.44 14.28 18.2907 18.308 7.6 8.2
3.9 15.21 15.12 19.773 19.7777 7.8 8.6
4 16 16 21.3333 21.3333 8 9
4.1 16.81 16.9 22.9737 22.9783 8.2 9
4.2 17.64 17.8 24.696 24.7133 8.4 9
4.3 18.49 18.7 26.5023 26.5383 8.6 9
4.4 19.36 19.6 28.3947 28.4533 8.8 9
4.5 20.25 20.5 30.375 30.4583 9 9
4.6 21.16 21.4 32.4453 32.5533 9.2 9
4.7 22.09 22.3 34.6077 34.7383 9.4 9
4.8 23.04 23.2 36.864 37.0133 9.6 9
4.9 24.01 24.1 39.2163 39.3783 9.8 9
5 25 25 41.6667 41.8333 10 9
5.1 26.01 25.92 44.217 44.379 10.2 9.4
5.2 27.04 26.88 46.8693 47.0187 10.4 9.8
5.3 28.09 27.88 49.6257 49.7563 10.6 10.2
5.4 29.16 28.92 52.488 52.596 10.8 10.6
5.5 30.25 30 55.4583 55.5417 11 11
5.6 31.36 31.12 58.5387 58.5973 11.2 11.4
5.7 32.49 32.28 61.731 61.767 11.4 11.8
5.8 33.64 33.48 65.0373 65.0547 11.6 12.2
5.9 34.81 34.72 68.4597 68.4643 11.8 12.6
6 36 36 72 72 12 13
6.1 37.21 37.3 75.6603 75.665 12.2 13
6.2 38.44 38.6 79.4427 79.46 12.4 13
6.3 39.69 39.9 83.349 83.385 12.6 13
6.4 40.96 41.2 87.3813 87.44 12.8 13
6.5 42.25 42.5 91.5417 91.625 13 13
6.6 43.56 43.8 95.832 95.94 13.2 13
6.7 44.89 45.1 100.254 100.385 13.4 13
6.8 46.24 46.4 104.811 104.96 13.6 13
6.9 47.61 47.7 109.503 109.665 13.8 13
7 49 49 114.333 114.5 14 13
7.1 50.41 50.32 119.304 119.466 14.2 13.4
7.2 51.84 51.68 124.416 124.565 14.4 13.8
7.3 53.29 53.08 129.672 129.803 14.6 14.2
7.4 54.76 54.52 135.075 135.183 14.8 14.6
7.5 56.25 56 140.625 140.708 15 15
7.6 57.76 57.52 146.325 146.384 15.2 15.4
7.7 59.29 59.08 152.178 152.214 15.4 15.8
7.8 60.84 60.68 158.184 158.201 15.6 16.2
7.9 62.41 62.32 164.346 164.351 15.8 16.6
8 64 64 170.667 170.667 16 17
8.1 65.61 65.7 177.147 177.152 16.2 17
8.2 67.24 67.4 183.789 183.807 16.4 17
8.3 68.89 69.1 190.596 190.632 16.6 17
8.4 70.56 70.8 197.568 197.627 16.8 17
8.5 72.25 72.5 204.708 204.792 17 17
8.6 73.96 74.2 212.019 212.127 17.2 17
8.7 75.69 75.9 219.501 219.632 17.4 17
8.8 77.44 77.6 227.157 227.307 17.6 17
8.9 79.21 79.3 234.99 235.152 17.8 17
9 81 81 243 243.167 18 17
