-6.283	-0.342122	0.099311
-6.273	-0.344641	0.0907391
-6.263	-0.346944	0.0821104
-6.253	-0.349029	0.0734302
-6.243	-0.350896	0.0647041
-6.233	-0.352544	0.0559375
-6.223	-0.353972	0.0471362
-6.213	-0.355181	0.0383055
-6.203	-0.356168	0.029451
-6.193	-0.356934	0.0205782
-6.183	-0.35748	0.0116927
-6.173	-0.357804	0.00279994
-6.163	-0.357908	-0.00609454
-6.153	-0.357791	-0.0149853
-6.143	-0.357454	-0.0238668
-6.133	-0.356897	-0.0327336
-6.123	-0.356121	-0.0415804
-6.113	-0.355128	-0.0504017
-6.103	-0.353917	-0.0591922
-6.093	-0.35249	-0.0679466
-6.083	-0.350849	-0.0766596
-6.073	-0.348994	-0.0853259
-6.063	-0.346927	-0.0939405
-6.053	-0.34465	-0.102498
-6.043	-0.342164	-0.110994
-6.033	-0.339472	-0.119422
-6.023	-0.336575	-0.127779
-6.013	-0.333475	-0.136058
-6.003	-0.330174	-0.144256
-5.993	-0.326675	-0.152367
-5.983	-0.322981	-0.160387
-5.973	-0.319093	-0.16831
-5.963	-0.315015	-0.176134
-5.953	-0.310749	-0.183852
-5.943	-0.306298	-0.191461
-5.933	-0.301665	-0.198956
-5.923	-0.296852	-0.206333
-5.913	-0.291865	-0.213588
-5.903	-0.286704	-0.220716
-5.893	-0.281374	-0.227715
-5.883	-0.275879	-0.234579
-5.873	-0.270221	-0.241305
-5.863	-0.264405	-0.247889
-5.853	-0.258433	-0.254328
-5.843	-0.25231	-0.260618
-5.833	-0.24604	-0.266756
-5.823	-0.239626	-0.272739
-5.813	-0.233073	-0.278562
-5.803	-0.226384	-0.284224
-5.793	-0.219564	-0.28972
-5.783	-0.212617	-0.295049
-5.773	-0.205547	-0.300208
-5.763	-0.198358	-0.305192
-5.753	-0.191055	-0.310002
-5.743	-0.183642	-0.314632
-5.733	-0.176123	-0.319082
-5.723	-0.168504	-0.323349
-5.713	-0.160788	-0.327431
-5.703	-0.15298	-0.331327
-5.693	-0.145085	-0.335033
-5.683	-0.137107	-0.338548
-5.673	-0.129051	-0.341871
-5.663	-0.120923	-0.345
-5.653	-0.112725	-0.347934
-5.643	-0.104464	-0.350671
-5.633	-0.0961445	-0.35321
-5.623	-0.0877705	-0.35555
-5.613	-0.079347	-0.35769
-5.603	-0.0708791	-0.35963
-5.593	-0.0623714	-0.361368
-5.583	-0.0538288	-0.362904
-5.573	-0.0452562	-0.364237
-5.563	-0.0366584	-0.365367
-5.553	-0.0280401	-0.366294
-5.543	-0.0194063	-0.367018
-5.533	-0.0107618	-0.367538
-5.523	-0.00211123	-0.367855
-5.513	0.00654045	-0.367969
-5.503	0.0151885	-0.36788
-5.493	0.0238283	-0.367588
-5.483	0.0324549	-0.367095
-5.473	0.0410637	-0.3664
-5.463	0.0496501	-0.365505
-5.453	0.0582094	-0.36441
-5.443	0.0667369	-0.363116
-5.433	0.0752281	-0.361625
-5.423	0.0836784	-0.359937
-5.413	0.0920833	-0.358054
-5.403	0.100438	-0.355978
-5.393	0.108739	-0.353709
-5.383	0.116981	-0.351249
-5.373	0.125161	-0.3486
-5.363	0.133273	-0.345764
-5.353	0.141313	-0.342742
-5.343	0.149278	-0.339537
-5.333	0.157163	-0.336151
-5.323	0.164965	-0.332585
-5.313	0.172678	-0.328842
-5.303	0.1803	-0.324925
-5.293	0.187826	-0.320835
-5.283	0.195253	-0.316576
-5.273	0.202576	-0.312149
-5.263	0.209793	-0.307558
-5.253	0.2169	-0.302804
-5.243	0.223892	-0.297892
-5.233	0.230767	-0.292824
-5.223	0.237521	-0.287602
-5.213	0.244152	-0.28223
-5.203	0.250655	-0.276711
-5.193	0.257027	-0.271048
-5.183	0.263266	-0.265244
-5.173	0.269369	-0.259303
-5.163	0.275332	-0.253228
-5.153	0.281154	-0.247022
-5.143	0.28683	-0.240688
-5.133	0.292359	-0.234231
-5.123	0.297738	-0.227654
-5.113	0.302964	-0.22096
-5.103	0.308035	-0.214153
-5.093	0.312949	-0.207236
-5.083	0.317704	-0.200215
-5.073	0.322297	-0.193091
-5.063	0.326727	-0.18587
-5.053	0.330992	-0.178554
-5.043	0.335089	-0.171148
-5.033	0.339017	-0.163656
-5.023	0.342774	-0.156081
-5.013	0.34636	-0.148429
-5.003	0.349772	-0.140701
-4.993	0.353008	-0.132904
-4.983	0.356069	-0.125039
-4.973	0.358952	-0.117113
-4.963	0.361657	-0.109128
-4.953	0.364182	-0.10109
-4.943	0.366526	-0.0930009
-4.933	0.36869	-0.0848661
-4.923	0.370672	-0.0766894
-4.913	0.372471	-0.068475
-4.903	0.374087	-0.0602269
-4.893	0.37552	-0.0519493
-4.883	0.376769	-0.0436463
-4.873	0.377834	-0.035322
-4.863	0.378715	-0.0269804
-4.853	0.379412	-0.0186258
-4.843	0.379925	-0.0102621
-4.833	0.380254	-0.0018934
-4.823	0.380399	0.00647619
-4.813	0.38036	0.0148427
-4.803	0.380139	0.023202
-4.793	0.379735	0.0315502
-4.783	0.379149	0.0398832
-4.773	0.378381	0.0481972
-4.763	0.377433	0.0564882
-4.753	0.376305	0.0647523
-4.743	0.374999	0.0729856
-4.733	0.373514	0.0811843
-4.723	0.371853	0.0893446
-4.713	0.370016	0.0974627
-4.703	0.368005	0.105535
-4.693	0.36582	0.113557
-4.683	0.363464	0.121527
-4.673	0.360938	0.129439
-4.663	0.358243	0.137291
-4.653	0.355381	0.145079
-4.643	0.352354	0.152799
-4.633	0.349163	0.160448
-4.623	0.34581	0.168023
-4.613	0.342298	0.175521
-4.603	0.338628	0.182937
-4.593	0.334801	0.190269
-4.583	0.330821	0.197514
-4.573	0.32669	0.204668
-4.563	0.322409	0.211729
-4.553	0.31798	0.218693
-4.543	0.313408	0.225558
-4.533	0.308692	0.23232
-4.523	0.303837	0.238977
-4.513	0.298844	0.245525
-4.503	0.293717	0.251963
-4.493	0.288457	0.258288
-4.483	0.283068	0.264496
-4.473	0.277552	0.270586
-4.463	0.271911	0.276555
-4.453	0.266149	0.2824
-4.443	0.260269	0.28812
-4.433	0.254273	0.293711
-4.423	0.248165	0.299173
-4.413	0.241946	0.304502
-4.403	0.235621	0.309697
-4.393	0.229192	0.314755
-4.383	0.222663	0.319675
-4.373	0.216036	0.324455
-4.363	0.209314	0.329093
-4.353	0.202501	0.333588
-4.343	0.1956	0.337937
-4.333	0.188614	0.34214
-4.323	0.181546	0.346194
-4.313	0.1744	0.350099
-4.303	0.167178	0.353853
-4.293	0.159885	0.357454
-4.283	0.152523	0.360902
-4.273	0.145096	0.364195
-4.263	0.137606	0.367333
-4.253	0.130058	0.370315
-4.243	0.122455	0.373138
-4.233	0.1148	0.375804
-4.223	0.107096	0.37831
-4.213	0.0993467	0.380657
-4.203	0.0915557	0.382843
-4.193	0.0837263	0.384868
-4.183	0.0758617	0.386732
-4.173	0.0679654	0.388434
-4.163	0.0600408	0.389974
-4.153	0.0520912	0.391352
-4.143	0.0441199	0.392567
-4.133	0.0361303	0.39362
-4.123	0.0281258	0.39451
-4.113	0.0201098	0.395237
-4.103	0.0120854	0.395802
-4.093	0.00405609	0.396204
-4.083	-0.00397489	0.396445
-4.073	-0.0120042	0.396523
-4.063	-0.0200287	0.39644
-4.053	-0.028045	0.396195
-4.043	-0.03605	0.395791
-4.033	-0.0440404	0.395226
-4.023	-0.052013	0.394501
-4.013	-0.0599647	0.393619
-4.003	-0.0678924	0.392578
-3.993	-0.0757929	0.39138
-3.983	-0.0836631	0.390025
-3.973	-0.0915	0.388516
-3.963	-0.0993005	0.386852
-3.953	-0.107062	0.385034
-3.943	-0.114781	0.383065
-3.933	-0.122454	0.380944
-3.923	-0.13008	0.378674
-3.913	-0.137654	0.376255
-3.903	-0.145175	0.373689
-3.893	-0.152639	0.370977
-3.883	-0.160043	0.368121
-3.873	-0.167385	0.365121
-3.863	-0.174663	0.36198
-3.853	-0.181873	0.3587
-3.843	-0.189013	0.355281
-3.833	-0.19608	0.351726
-3.823	-0.203073	0.348036
-3.813	-0.209987	0.344213
-3.803	-0.216822	0.340258
-3.793	-0.223574	0.336174
-3.783	-0.230241	0.331963
-3.773	-0.236821	0.327626
-3.763	-0.243312	0.323166
-3.753	-0.249711	0.318583
-3.743	-0.256017	0.313882
-3.733	-0.262226	0.309063
-3.723	-0.268338	0.304128
-3.713	-0.27435	0.29908
-3.703	-0.28026	0.293922
-3.693	-0.286066	0.288654
-3.683	-0.291767	0.28328
-3.673	-0.29736	0.277801
-3.663	-0.302844	0.272221
-3.653	-0.308217	0.26654
-3.643	-0.313478	0.260763
-3.633	-0.318624	0.25489
-3.623	-0.323655	0.248925
-3.613	-0.328568	0.242869
-3.603	-0.333362	0.236726
-3.593	-0.338037	0.230498
-3.583	-0.34259	0.224186
-3.573	-0.34702	0.217795
-3.563	-0.351326	0.211325
-3.553	-0.355508	0.20478
-3.543	-0.359562	0.198163
-3.533	-0.36349	0.191475
-3.523	-0.367289	0.18472
-3.513	-0.370958	0.177899
-3.503	-0.374498	0.171017
-3.493	-0.377906	0.164074
-3.483	-0.381182	0.157074
-3.473	-0.384325	0.150019
-3.463	-0.387335	0.142912
-3.453	-0.390211	0.135755
-3.443	-0.392952	0.128552
-3.433	-0.395557	0.121304
-3.423	-0.398027	0.114015
-3.413	-0.400361	0.106687
-3.403	-0.402558	0.0993223
-3.393	-0.404618	0.0919238
-3.383	-0.406541	0.0844942
-3.373	-0.408326	0.077036
-3.363	-0.409974	0.0695517
-3.353	-0.411483	0.0620441
-3.343	-0.412855	0.0545157
-3.333	-0.414089	0.0469691
-3.323	-0.415184	0.0394068
-3.313	-0.416142	0.0318314
-3.303	-0.416962	0.0242455
-3.293	-0.417644	0.0166515
-3.283	-0.418189	0.00905208
-3.273	-0.418596	0.00144968
-3.263	-0.418866	-0.0061532
-3.253	-0.419	-0.0137541
-3.243	-0.418997	-0.0213505
-3.233	-0.418859	-0.02894
-3.223	-0.418585	-0.0365201
-3.213	-0.418176	-0.0440884
-3.203	-0.417633	-0.0516426
-3.193	-0.416956	-0.0591803
-3.183	-0.416145	-0.066699
-3.173	-0.415203	-0.0741965
-3.163	-0.414129	-0.0816705
-3.153	-0.412923	-0.0891187
-3.143	-0.411588	-0.0965388
-3.133	-0.410123	-0.103928
-3.123	-0.40853	-0.111286
-3.113	-0.406809	-0.118608
-3.103	-0.404961	-0.125894
-3.093	-0.402988	-0.13314
-3.083	-0.40089	-0.140345
-3.073	-0.398669	-0.147507
-3.063	-0.396325	-0.154624
-3.053	-0.393859	-0.161693
-3.043	-0.391274	-0.168713
-3.033	-0.388569	-0.175682
-3.023	-0.385746	-0.182597
-3.013	-0.382807	-0.189457
-3.003	-0.379753	-0.19626
-2.993	-0.376584	-0.203004
-2.983	-0.373303	-0.209688
-2.973	-0.369911	-0.216308
-2.963	-0.366408	-0.222865
-2.953	-0.362797	-0.229355
-2.943	-0.359079	-0.235778
-2.933	-0.355255	-0.242131
-2.923	-0.351327	-0.248414
-2.913	-0.347296	-0.254623
-2.903	-0.343164	-0.260759
-2.893	-0.338933	-0.266819
-2.883	-0.334603	-0.272802
-2.873	-0.330177	-0.278706
-2.863	-0.325656	-0.28453
-2.853	-0.321042	-0.290272
-2.843	-0.316336	-0.295932
-2.833	-0.31154	-0.301507
-2.823	-0.306656	-0.306997
-2.813	-0.301686	-0.312401
-2.803	-0.29663	-0.317717
-2.793	-0.291492	-0.322943
-2.783	-0.286272	-0.328079
-2.773	-0.280972	-0.333124
-2.763	-0.275595	-0.338077
-2.753	-0.270141	-0.342936
-2.743	-0.264613	-0.347701
-2.733	-0.259013	-0.352371
-2.723	-0.253341	-0.356944
-2.713	-0.247601	-0.36142
-2.703	-0.241793	-0.365798
-2.693	-0.23592	-0.370077
-2.683	-0.229984	-0.374256
-2.673	-0.223986	-0.378335
-2.663	-0.217928	-0.382313
-2.653	-0.211812	-0.386189
-2.643	-0.205639	-0.389963
-2.633	-0.199413	-0.393634
-2.623	-0.193134	-0.397201
-2.613	-0.186804	-0.400663
-2.603	-0.180425	-0.404021
-2.593	-0.174	-0.407274
-2.583	-0.167529	-0.410422
-2.573	-0.161015	-0.413463
-2.563	-0.15446	-0.416398
-2.553	-0.147865	-0.419226
-2.543	-0.141232	-0.421947
-2.533	-0.134563	-0.424561
-2.523	-0.127861	-0.427067
-2.513	-0.121126	-0.429466
-2.503	-0.11436	-0.431756
-2.493	-0.107566	-0.433939
-2.483	-0.100745	-0.436013
-2.473	-0.0938996	-0.437979
-2.463	-0.0870305	-0.439837
-2.453	-0.08014	-0.441587
-2.443	-0.0732298	-0.443228
-2.433	-0.0663017	-0.444761
-2.423	-0.0593575	-0.446186
-2.413	-0.052399	-0.447502
-2.403	-0.0454277	-0.448711
-2.393	-0.0384456	-0.449812
-2.383	-0.0314542	-0.450805
-2.373	-0.0244554	-0.45169
-2.363	-0.0174507	-0.452469
-2.353	-0.0104419	-0.453141
-2.343	-0.0034307	-0.453706
-2.333	0.00358134	-0.454164
-2.323	0.0105925	-0.454517
-2.313	0.0176013	-0.454764
-2.303	0.024606	-0.454906
-2.293	0.031605	-0.454943
-2.283	0.0385967	-0.454876
-2.273	0.0455797	-0.454705
-2.263	0.0525523	-0.454431
-2.253	0.059513	-0.454054
-2.243	0.0664603	-0.453574
-2.233	0.0733927	-0.452993
-2.223	0.0803087	-0.452311
-2.213	0.0872068	-0.451528
-2.203	0.0940857	-0.450645
-2.193	0.100944	-0.449663
-2.183	0.10778	-0.448582
-2.173	0.114592	-0.447404
-2.163	0.12138	-0.446128
-2.153	0.128141	-0.444756
-2.143	0.134875	-0.443288
-2.133	0.14158	-0.441725
-2.123	0.148254	-0.440067
-2.113	0.154898	-0.438317
-2.103	0.161508	-0.436473
-2.093	0.168084	-0.434538
-2.083	0.174626	-0.432512
-2.073	0.181131	-0.430396
-2.063	0.187598	-0.428191
-2.053	0.194027	-0.425897
-2.043	0.200415	-0.423516
-2.033	0.206763	-0.421048
-2.023	0.213069	-0.418495
-2.013	0.219332	-0.415857
-2.003	0.225551	-0.413135
-1.993	0.231724	-0.410331
-1.983	0.237851	-0.407445
-1.973	0.243931	-0.404478
-1.963	0.249963	-0.401431
-1.953	0.255946	-0.398305
-1.943	0.261879	-0.395102
-1.933	0.267761	-0.391822
-1.923	0.273591	-0.388466
-1.913	0.279369	-0.385036
-1.903	0.285093	-0.381531
-1.893	0.290763	-0.377955
-1.883	0.296378	-0.374306
-1.873	0.301937	-0.370587
-1.863	0.30744	-0.366799
-1.853	0.312885	-0.362942
-1.843	0.318273	-0.359019
-1.833	0.323601	-0.355029
-1.823	0.328871	-0.350974
-1.813	0.33408	-0.346854
-1.803	0.339229	-0.342673
-1.793	0.344316	-0.338429
-1.783	0.349342	-0.334124
-1.773	0.354306	-0.32976
-1.763	0.359207	-0.325338
-1.753	0.364044	-0.320858
-1.743	0.368818	-0.316322
-1.733	0.373528	-0.311731
-1.723	0.378172	-0.307086
-1.713	0.382752	-0.302387
-1.703	0.387266	-0.297638
-1.693	0.391714	-0.292837
-1.683	0.396095	-0.287987
-1.673	0.40041	-0.283088
-1.663	0.404658	-0.278142
-1.653	0.408839	-0.27315
-1.643	0.412952	-0.268112
-1.633	0.416998	-0.263031
-1.623	0.420975	-0.257906
-1.613	0.424884	-0.25274
-1.603	0.428724	-0.247533
-1.593	0.432496	-0.242286
-1.583	0.436199	-0.237001
-1.573	0.439832	-0.231678
-1.563	0.443397	-0.226319
-1.553	0.446892	-0.220924
-1.543	0.450318	-0.215495
-1.533	0.453674	-0.210033
-1.523	0.456961	-0.204539
-1.513	0.460178	-0.199013
-1.503	0.463326	-0.193457
-1.493	0.466404	-0.187873
-1.483	0.469412	-0.18226
-1.473	0.472351	-0.17662
-1.463	0.47522	-0.170954
-1.453	0.47802	-0.165263
-1.443	0.48075	-0.159548
-1.433	0.48341	-0.15381
-1.423	0.486002	-0.14805
-1.413	0.488524	-0.142269
-1.403	0.490978	-0.136468
-1.393	0.493362	-0.130648
-1.383	0.495678	-0.124809
-1.373	0.497925	-0.118954
-1.363	0.500104	-0.113082
-1.353	0.502214	-0.107194
-1.343	0.504257	-0.101292
-1.333	0.506232	-0.0953765
-1.323	0.508139	-0.0894482
-1.313	0.50998	-0.0835081
-1.303	0.511753	-0.077557
-1.293	0.51346	-0.0715958
-1.283	0.5151	-0.0656253
-1.273	0.516674	-0.0596464
-1.263	0.518182	-0.0536599
-1.253	0.519625	-0.0476666
-1.243	0.521003	-0.0416674
-1.233	0.522316	-0.035663
-1.223	0.523565	-0.0296542
-1.213	0.524749	-0.0236417
-1.203	0.52587	-0.0176264
-1.193	0.526928	-0.011609
-1.183	0.527923	-0.00559015
-1.173	0.528855	0.00042933
-1.163	0.529726	0.00644876
-1.153	0.530535	0.0124675
-1.143	0.531282	0.0184847
-1.133	0.531969	0.0244998
-1.123	0.532596	0.0305122
-1.113	0.533162	0.0365211
-1.103	0.53367	0.042526
-1.093	0.534118	0.0485262
-1.083	0.534509	0.0545211
-1.073	0.534841	0.0605101
-1.063	0.535116	0.0664925
-1.053	0.535334	0.072468
-1.043	0.535496	0.0784357
-1.033	0.535601	0.0843954
-1.023	0.535652	0.0903462
-1.013	0.535648	0.0962879
-1.003	0.535589	0.10222
-0.993	0.535477	0.108141
-0.983	0.535311	0.114052
-0.973	0.535093	0.119952
-0.963	0.534823	0.12584
-0.953	0.534501	0.131716
-0.943	0.534129	0.137579
-0.933	0.533706	0.14343
-0.923	0.533233	0.149267
-0.913	0.532711	0.15509
-0.903	0.532141	0.160899
-0.893	0.531522	0.166694
-0.883	0.530856	0.172473
-0.873	0.530143	0.178238
-0.863	0.529384	0.183987
-0.853	0.528579	0.18972
-0.843	0.527729	0.195436
-0.833	0.526834	0.201137
-0.823	0.525896	0.20682
-0.813	0.524914	0.212487
-0.803	0.523889	0.218136
-0.793	0.522823	0.223768
-0.783	0.521715	0.229382
-0.773	0.520566	0.234978
-0.763	0.519377	0.240556
-0.753	0.518149	0.246115
-0.743	0.516881	0.251656
-0.733	0.515575	0.257179
-0.723	0.514231	0.262682
-0.713	0.51285	0.268167
-0.703	0.511433	0.273632
-0.693	0.509979	0.279078
-0.683	0.50849	0.284505
-0.673	0.506967	0.289912
-0.663	0.505409	0.2953
-0.653	0.503818	0.300669
-0.643	0.502194	0.306017
-0.633	0.500537	0.311346
-0.623	0.498849	0.316655
-0.613	0.49713	0.321945
-0.603	0.49538	0.327215
-0.593	0.493601	0.332465
-0.583	0.491792	0.337695
-0.573	0.489954	0.342906
-0.563	0.488089	0.348097
-0.553	0.486196	0.353268
-0.543	0.484276	0.35842
-0.533	0.48233	0.363553
-0.523	0.480358	0.368666
-0.513	0.478361	0.373759
-0.503	0.476339	0.378834
-0.493	0.474294	0.38389
-0.483	0.472225	0.388926
-0.473	0.470133	0.393944
-0.463	0.468019	0.398943
-0.453	0.465883	0.403924
-0.443	0.463727	0.408886
-0.433	0.461549	0.413831
-0.423	0.459352	0.418757
-0.413	0.457135	0.423666
-0.403	0.4549	0.428557
-0.393	0.452646	0.433431
-0.383	0.450374	0.438288
-0.373	0.448085	0.443128
-0.363	0.44578	0.447951
-0.353	0.443458	0.452759
-0.343	0.44112	0.45755
-0.333	0.438768	0.462326
-0.323	0.4364	0.467086
-0.313	0.434019	0.471831
-0.303	0.431624	0.476562
-0.293	0.429216	0.481278
-0.283	0.426796	0.485979
-0.273	0.424363	0.490667
-0.263	0.421919	0.495342
-0.253	0.419463	0.500004
-0.243	0.416997	0.504653
-0.233	0.414521	0.50929
-0.223	0.412036	0.513915
-0.213	0.409541	0.518528
-0.203	0.407037	0.52313
-0.193	0.404525	0.527722
-0.183	0.402005	0.532304
-0.173	0.399478	0.536876
-0.163	0.396944	0.541438
-0.153	0.394404	0.545992
-0.143	0.391857	0.550537
-0.133	0.389305	0.555075
-0.123	0.386748	0.559605
-0.113	0.384186	0.564128
-0.103	0.381619	0.568645
-0.093	0.379049	0.573156
-0.083	0.376475	0.577662
-0.073	0.373898	0.582163
-0.063	0.371319	0.586659
-0.053	0.368737	0.591152
-0.043	0.366153	0.595642
-0.033	0.363567	0.600129
-0.023	0.36098	0.604615
-0.013	0.358393	0.609099
-0.003	0.355805	0.613582
0.007	0.353216	0.618065
0.017	0.350628	0.622548
0.027	0.348041	0.627032
0.037	0.345455	0.631519
0.047	0.34287	0.636007
0.057	0.340286	0.640498
0.067	0.337705	0.644994
0.077	0.335125	0.649493
0.087	0.332548	0.653997
0.097	0.329975	0.658507
0.107	0.327404	0.663024
0.117	0.324837	0.667548
0.127	0.322274	0.672079
0.137	0.319714	0.676619
0.147	0.31716	0.681168
0.157	0.314609	0.685727
0.167	0.312064	0.690297
0.177	0.309524	0.694879
0.187	0.306989	0.699473
0.197	0.304461	0.704079
0.207	0.301938	0.7087
0.217	0.299421	0.713336
0.227	0.296911	0.717987
0.237	0.294408	0.722654
0.247	0.291911	0.727338
0.257	0.289422	0.73204
0.267	0.286941	0.736762
0.277	0.284467	0.741502
0.287	0.282	0.746264
0.297	0.279542	0.751046
0.307	0.277093	0.755852
0.317	0.274651	0.76068
0.327	0.272219	0.765532
0.337	0.269795	0.77041
0.347	0.26738	0.775313
0.357	0.264975	0.780243
0.367	0.262579	0.785201
0.377	0.260193	0.790188
0.387	0.257817	0.795205
0.397	0.25545	0.800253
0.407	0.253094	0.805332
0.417	0.250748	0.810444
0.427	0.248413	0.81559
0.437	0.246088	0.820771
0.447	0.243773	0.825987
0.457	0.24147	0.831241
0.467	0.239178	0.836532
0.477	0.236897	0.841863
0.487	0.234627	0.847233
0.497	0.232369	0.852645
0.507	0.230122	0.8581
0.517	0.227887	0.863597
0.527	0.225664	0.86914
0.537	0.223452	0.874728
0.547	0.221253	0.880363
0.557	0.219065	0.886047
0.567	0.21689	0.89178
0.577	0.214727	0.897563
0.587	0.212577	0.903398
0.597	0.210439	0.909286
0.607	0.208314	0.915229
0.617	0.206201	0.921227
0.627	0.204101	0.927282
0.637	0.202014	0.933395
0.647	0.199939	0.939567
0.657	0.197878	0.9458
0.667	0.195829	0.952096
0.677	0.193794	0.958455
0.687	0.191772	0.964878
0.697	0.189763	0.971368
0.707	0.187767	0.977926
0.717	0.185784	0.984553
0.727	0.183815	0.991251
0.737	0.181859	0.99802
0.747	0.179916	1.00486
0.757	0.177987	1.01178
0.767	0.176072	1.01878
0.777	0.17417	1.02585
0.787	0.172281	1.033
0.797	0.170406	1.04024
0.807	0.168545	1.04755
0.817	0.166697	1.05495
0.827	0.164863	1.06244
0.837	0.163042	1.07002
0.847	0.161235	1.07768
0.857	0.159442	1.08544
0.867	0.157662	1.09329
0.877	0.155897	1.10123
0.887	0.154144	1.10927
0.897	0.152406	1.11741
0.907	0.150681	1.12565
0.917	0.14897	1.13399
0.927	0.147272	1.14244
0.937	0.145588	1.15099
0.947	0.143918	1.15965
0.957	0.142261	1.16842
0.967	0.140618	1.1773
0.977	0.138989	1.18629
0.987	0.137373	1.1954
0.997	0.13577	1.20463
1.007	0.134182	1.21398
1.017	0.132606	1.22345
1.027	0.131045	1.23305
1.037	0.129496	1.24277
1.047	0.127961	1.25262
1.057	0.12644	1.2626
1.067	0.124932	1.27272
1.077	0.123437	1.28297
1.087	0.121956	1.29336
1.097	0.120487	1.30389
1.107	0.119032	1.31456
1.117	0.11759	1.32538
1.127	0.116162	1.33635
1.137	0.114746	1.34746
1.147	0.113344	1.35873
1.157	0.111954	1.37016
1.167	0.110577	1.38174
1.177	0.109214	1.39349
1.187	0.107863	1.4054
1.197	0.106525	1.41748
1.207	0.105199	1.42972
1.217	0.103887	1.44214
1.227	0.102587	1.45474
1.237	0.101299	1.46751
1.247	0.100025	1.48047
1.257	0.0987622	1.49361
1.267	0.0975122	1.50693
1.277	0.0962746	1.52045
1.287	0.0950493	1.53416
1.297	0.0938362	1.54807
1.307	0.0926353	1.56218
1.317	0.0914465	1.5765
1.327	0.0902697	1.59102
1.337	0.089105	1.60575
1.347	0.0879521	1.6207
1.357	0.0868111	1.63587
1.367	0.0856818	1.65126
1.377	0.0845643	1.66687
1.387	0.0834584	1.68271
1.397	0.0823641	1.69879
1.407	0.0812813	1.7151
1.417	0.0802099	1.73166
1.427	0.0791499	1.74846
1.437	0.0781012	1.76551
1.447	0.0770637	1.78282
1.457	0.0760374	1.80038
1.467	0.0750221	1.8182
1.477	0.0740179	1.83629
1.487	0.0730246	1.85466
1.497	0.0720421	1.8733
1.507	0.0710705	1.89221
1.517	0.0701095	1.91142
1.527	0.0691592	1.93091
1.537	0.0682194	1.9507
1.547	0.0672901	1.97079
1.557	0.0663713	1.99118
1.567	0.0654627	2.01189
1.577	0.0645644	2.03291
1.587	0.0636763	2.05424
1.597	0.0627983	2.07591
1.607	0.0619304	2.09791
1.617	0.0610724	2.12024
1.627	0.0602242	2.14292
1.637	0.0593859	2.16594
1.647	0.0585573	2.18932
1.657	0.0577383	2.21306
1.667	0.0569289	2.23717
1.677	0.056129	2.26165
1.687	0.0553385	2.28651
1.697	0.0545573	2.31176
1.707	0.0537854	2.3374
1.717	0.0530227	2.36343
1.727	0.0522691	2.38987
1.737	0.0515245	2.41673
1.747	0.0507888	2.44401
1.757	0.0500621	2.47171
1.767	0.0493441	2.49984
1.777	0.0486348	2.52842
1.787	0.0479342	2.55745
1.797	0.0472422	2.58693
1.807	0.0465586	2.61688
1.817	0.0458835	2.64731
1.827	0.0452167	2.67821
1.837	0.0445581	2.7096
1.847	0.0439077	2.74149
1.857	0.0432655	2.77389
1.867	0.0426313	2.8068
1.877	0.042005	2.84024
1.887	0.0413866	2.8742
1.897	0.0407761	2.90872
1.907	0.0401732	2.94378
1.917	0.0395781	2.9794
1.927	0.0389905	3.0156
1.937	0.0384104	3.05238
1.947	0.0378378	3.08974
1.957	0.0372725	3.12771
1.967	0.0367146	3.1663
1.977	0.0361638	3.2055
1.987	0.0356202	3.24534
1.997	0.0350837	3.28582
2.007	0.0345542	3.32696
2.017	0.0340316	3.36877
2.027	0.0335159	3.41126
2.037	0.033007	3.45443
2.047	0.0325048	3.49832
2.057	0.0320093	3.54291
2.067	0.0315203	3.58824
2.077	0.0310379	3.63431
2.087	0.0305619	3.68113
2.097	0.0300923	3.72872
2.107	0.0296289	3.7771
2.117	0.0291719	3.82627
2.127	0.028721	3.87625
2.137	0.0282762	3.92705
2.147	0.0278375	3.97869
2.157	0.0274047	4.03119
2.167	0.0269779	4.08456
2.177	0.0265569	4.13881
2.187	0.0261417	4.19396
2.197	0.0257322	4.25003
2.207	0.0253283	4.30704
2.217	0.02493	4.36499
2.227	0.0245373	4.42392
2.237	0.02415	4.48382
2.247	0.0237682	4.54473
2.257	0.0233916	4.60667
2.267	0.0230204	4.66964
2.277	0.0226544	4.73367
2.287	0.0222935	4.79878
2.297	0.0219377	4.86498
2.307	0.021587	4.93231
2.317	0.0212413	5.00077
2.327	0.0209004	5.07039
2.337	0.0205645	5.14119
2.347	0.0202333	5.21319
2.357	0.0199069	5.28641
2.367	0.0195852	5.36088
2.377	0.0192681	5.43662
2.387	0.0189556	5.51366
2.397	0.0186476	5.59201
2.407	0.0183441	5.67169
2.417	0.018045	5.75275
2.427	0.0177503	5.83519
2.437	0.0174599	5.91905
2.447	0.0171737	6.00436
2.457	0.0168917	6.09113
2.467	0.0166139	6.1794
2.477	0.0163402	6.26919
2.487	0.0160705	6.36054
2.497	0.0158049	6.45347
2.507	0.0155431	6.54801
2.517	0.0152853	6.64419
2.527	0.0150313	6.74205
2.537	0.0147811	6.8416
2.547	0.0145347	6.9429
2.557	0.014292	7.04596
2.567	0.0140529	7.15082
2.577	0.0138174	7.25752
2.587	0.0135855	7.36609
2.597	0.0133571	7.47657
2.607	0.0131322	7.58899
2.617	0.0129107	7.70338
2.627	0.0126926	7.81979
2.637	0.0124778	7.93826
2.647	0.0122663	8.05882
2.657	0.012058	8.18151
2.667	0.011853	8.30638
2.677	0.0116511	8.43346
2.687	0.0114523	8.5628
2.697	0.0112566	8.69444
2.707	0.011064	8.82843
2.717	0.0108743	8.9648
2.727	0.0106876	9.10361
2.737	0.0105038	9.24491
2.747	0.0103229	9.38873
2.757	0.0101449	9.53513
2.767	0.00996957	9.68417
2.777	0.00979705	9.83588
2.787	0.00962724	9.99032
2.797	0.00946012	10.1476
2.807	0.00929565	10.3076
2.817	0.00913379	10.4706
2.827	0.0089745	10.6365
2.837	0.00881774	10.8054
2.847	0.00866349	10.9774
2.857	0.00851171	11.1525
2.867	0.00836235	11.3308
2.877	0.0082154	11.5123
2.887	0.0080708	11.6972
2.897	0.00792854	11.8854
2.907	0.00778858	12.0771
2.917	0.00765087	12.2723
2.927	0.00751541	12.471
2.937	0.00738214	12.6735
2.947	0.00725103	12.8796
2.957	0.00712207	13.0895
2.967	0.00699521	13.3033
2.977	0.00687043	13.5211
2.987	0.00674769	13.7429
2.997	0.00662697	13.9688
3.007	0.00650823	14.1988
3.017	0.00639145	14.4332
3.027	0.0062766	14.6719
3.037	0.00616365	14.915
3.047	0.00605257	15.1627
3.057	0.00594334	15.4149
3.067	0.00583592	15.6719
3.077	0.00573029	15.9337
3.087	0.00562643	16.2004
3.097	0.0055243	16.4722
3.107	0.00542388	16.749
3.117	0.00532515	17.031
3.127	0.00522808	17.3183
3.137	0.00513264	17.611
3.147	0.00503882	17.9093
3.157	0.00494658	18.2132
3.167	0.0048559	18.5229
3.177	0.00476676	18.8384
3.187	0.00467913	19.1599
3.197	0.00459299	19.4875
3.207	0.00450833	19.8213
3.217	0.0044251	20.1615
3.227	0.00434331	20.5082
3.237	0.00426291	20.8615
3.247	0.00418389	21.2216
3.257	0.00410624	21.5885
3.267	0.00402992	21.9625
3.277	0.00395491	22.3436
3.287	0.0038812	22.7321
3.297	0.00380877	23.128
3.307	0.0037376	23.5316
3.317	0.00366766	23.943
3.327	0.00359893	24.3623
3.337	0.00353141	24.7897
3.347	0.00346506	25.2253
3.357	0.00339987	25.6694
3.367	0.00333582	26.1222
3.377	0.0032729	26.5837
3.387	0.00321108	27.0542
3.397	0.00315035	27.5339
3.407	0.00309069	28.0229
3.417	0.00303208	28.5215
3.427	0.00297451	29.0298
3.437	0.00291796	29.5481
3.447	0.00286241	30.0765
3.457	0.00280785	30.6153
3.467	0.00275426	31.1647
3.477	0.00270162	31.7248
3.487	0.00264993	32.2961
3.497	0.00259915	32.8785
3.507	0.00254929	33.4725
3.517	0.00250032	34.0782
3.527	0.00245223	34.6959
3.537	0.002405	35.3258
3.547	0.00235863	35.9683
3.557	0.00231309	36.6235
3.567	0.00226837	37.2917
3.577	0.00222447	37.9732
3.587	0.00218136	38.6683
3.597	0.00213903	39.3773
3.607	0.00209747	40.1004
3.617	0.00205667	40.838
3.627	0.00201661	41.5904
3.637	0.00197728	42.3578
3.647	0.00193867	43.1407
3.657	0.00190077	43.9393
3.667	0.00186356	44.754
3.677	0.00182704	45.5851
3.687	0.00179119	46.4329
3.697	0.001756	47.2979
3.707	0.00172146	48.1803
3.717	0.00168756	49.0806
3.727	0.00165428	49.9992
3.737	0.00162162	50.9364
3.747	0.00158957	51.8926
3.757	0.00155811	52.8683
3.767	0.00152724	53.8638
3.777	0.00149695	54.8796
3.787	0.00146721	55.9162
3.797	0.00143804	56.9739
3.807	0.00140941	58.0533
3.817	0.00138132	59.1547
3.827	0.00135375	60.2788
3.837	0.0013267	61.4259
3.847	0.00130016	62.5966
3.857	0.00127413	63.7914
3.867	0.00124858	65.0107
3.877	0.00122352	66.2553
3.887	0.00119893	67.5255
3.897	0.0011748	68.8219
3.907	0.00115114	70.1452
3.917	0.00112792	71.4959
3.927	0.00110515	72.8745
3.937	0.00108281	74.2818
3.947	0.00106089	75.7184
3.957	0.0010394	77.1848
3.967	0.00101831	78.6818
3.977	0.000997633	80.21
3.987	0.00097735	81.7701
3.997	0.000957457	83.3628
4.007	0.000937946	84.9888
4.017	0.000918811	86.6489
4.027	0.000900046	88.3438
4.037	0.000881642	90.0742
4.047	0.000863595	91.8411
4.057	0.000845897	93.6451
4.067	0.000828542	95.4871
4.077	0.000811525	97.3679
4.087	0.000794838	99.2884
4.097	0.000778476	101.25
4.107	0.000762433	103.252
4.117	0.000746703	105.297
4.127	0.00073128	107.385
4.137	0.00071616	109.518
4.147	0.000701335	111.696
4.157	0.000686802	113.92
4.167	0.000672554	116.192
4.177	0.000658586	118.512
4.187	0.000644893	120.882
4.197	0.000631471	123.302
4.207	0.000618313	125.774
4.217	0.000605416	128.299
4.227	0.000592774	130.878
4.237	0.000580382	133.512
4.247	0.000568236	136.203
4.257	0.000556332	138.952
4.267	0.000544664	141.759
4.277	0.000533229	144.628
4.287	0.000522022	147.558
4.297	0.000511039	150.552
4.307	0.000500276	153.61
4.317	0.000489727	156.734
4.327	0.000479391	159.926
4.337	0.000469261	163.187
4.347	0.000459336	166.519
4.357	0.00044961	169.924
4.367	0.000440079	173.402
4.377	0.000430741	176.956
4.387	0.000421592	180.588
4.397	0.000412627	184.299
4.407	0.000403844	188.09
4.417	0.000395239	191.965
4.427	0.000386809	195.925
4.437	0.00037855	199.971
4.447	0.000370458	204.106
4.457	0.000362532	208.332
4.467	0.000354767	212.651
4.477	0.00034716	217.064
4.487	0.000339709	221.575
4.497	0.000332411	226.185
4.507	0.000325262	230.897
4.517	0.000318259	235.713
4.527	0.0003114	240.636
4.537	0.000304682	245.667
4.547	0.000298103	250.81
4.557	0.000291659	256.067
4.567	0.000285348	261.441
4.577	0.000279167	266.934
4.587	0.000273114	272.549
4.597	0.000267186	278.29
4.607	0.000261382	284.158
4.617	0.000255697	290.157
4.627	0.000250131	296.29
4.637	0.00024468	302.56
4.647	0.000239343	308.971
4.657	0.000234117	315.525
4.667	0.000229	322.226
4.677	0.00022399	329.077
4.687	0.000219085	336.083
4.697	0.000214282	343.245
4.707	0.00020958	350.57
4.717	0.000204977	358.059
4.727	0.00020047	365.717
4.737	0.000196058	373.548
4.747	0.000191739	381.556
4.757	0.000187511	389.745
4.767	0.000183373	398.119
4.777	0.000179321	406.683
4.787	0.000175356	415.442
4.797	0.000171474	424.399
4.807	0.000167674	433.56
4.817	0.000163956	442.929
4.827	0.000160316	452.512
4.837	0.000156753	462.313
4.847	0.000153267	472.338
4.857	0.000149854	482.592
4.867	0.000146515	493.08
4.877	0.000143246	503.808
4.887	0.000140048	514.782
4.897	0.000136918	526.008
4.907	0.000133855	537.491
4.917	0.000130858	549.238
4.927	0.000127925	561.255
4.937	0.000125055	573.548
4.947	0.000122247	586.125
4.957	0.000119499	598.991
4.967	0.000116811	612.155
4.977	0.000114181	625.622
4.987	0.000111607	639.401
4.997	0.000109089	653.499
5.007	0.000106626	667.924
5.017	0.000104216	682.683
5.027	0.000101858	697.784
5.037	9.95516e-05	713.236
5.047	9.72952e-05	729.048
5.057	9.5088e-05	745.227
5.067	9.29288e-05	761.784
5.077	9.08168e-05	778.726
5.087	8.87508e-05	796.064
5.097	8.673e-05	813.806
5.107	8.47534e-05	831.964
5.117	8.28201e-05	850.546
5.127	8.09292e-05	869.564
5.137	7.90797e-05	889.028
5.147	7.72709e-05	908.948
5.157	7.55019e-05	929.336
5.167	7.37718e-05	950.203
5.177	7.20798e-05	971.562
5.187	7.04251e-05	993.423
5.197	6.8807e-05	1015.8
5.207	6.72246e-05	1038.7
5.217	6.56772e-05	1062.15
5.227	6.41641e-05	1086.15
5.237	6.26846e-05	1110.72
5.247	6.12378e-05	1135.87
5.257	5.98232e-05	1161.61
5.267	5.84401e-05	1187.97
5.277	5.70877e-05	1214.95
5.287	5.57655e-05	1242.57
5.297	5.44727e-05	1270.85
5.307	5.32088e-05	1299.8
5.317	5.19731e-05	1329.45
5.327	5.07651e-05	1359.8
5.337	4.95841e-05	1390.87
5.347	4.84296e-05	1422.69
5.357	4.7301e-05	1455.26
5.367	4.61977e-05	1488.62
5.377	4.51192e-05	1522.78
5.387	4.40649e-05	1557.75
5.397	4.30345e-05	1593.57
5.407	4.20272e-05	1630.24
5.417	4.10427e-05	1667.79
5.427	4.00803e-05	1706.25
5.437	3.91398e-05	1745.64
5.447	3.82205e-05	1785.97
5.457	3.73221e-05	1827.28
5.467	3.6444e-05	1869.58
5.477	3.55858e-05	1912.91
5.487	3.47471e-05	1957.28
5.497	3.39275e-05	2002.73
5.507	3.31266e-05	2049.28
5.517	3.23439e-05	2096.96
5.527	3.1579e-05	2145.79
5.537	3.08316e-05	2195.81
5.547	3.01013e-05	2247.05
5.557	2.93876e-05	2299.53
5.567	2.86903e-05	2353.29
5.577	2.8009e-05	2408.37
5.587	2.73433e-05	2464.78
5.597	2.66928e-05	2522.57
5.607	2.60573e-05	2581.78
5.617	2.54364e-05	2642.43
5.627	2.48298e-05	2704.56
5.637	2.42372e-05	2768.22
5.647	2.36582e-05	2833.44
5.657	2.30926e-05	2900.26
5.667	2.25401e-05	2968.71
5.677	2.20003e-05	3038.86
5.687	2.14731e-05	3110.72
5.697	2.0958e-05	3184.36
5.707	2.04549e-05	3259.81
5.717	1.99634e-05	3337.12
5.727	1.94834e-05	3416.34
5.737	1.90145e-05	3497.51
5.747	1.85565e-05	3580.69
5.757	1.81092e-05	3665.93
5.767	1.76724e-05	3753.28
5.777	1.72457e-05	3842.8
5.787	1.6829e-05	3934.53
5.797	1.6422e-05	4028.54
5.807	1.60245e-05	4124.89
5.817	1.56364e-05	4223.63
5.827	1.52573e-05	4324.83
5.837	1.48871e-05	4428.55
5.847	1.45257e-05	4534.86
5.857	1.41727e-05	4643.82
5.867	1.3828e-05	4755.49
5.877	1.34914e-05	4869.96
5.887	1.31628e-05	4987.29
5.897	1.28419e-05	5107.55
5.907	1.25286e-05	5230.83
5.917	1.22226e-05	5357.2
5.927	1.1924e-05	5486.74
5.937	1.16323e-05	5619.53
5.947	1.13476e-05	5755.65
5.957	1.10697e-05	5895.2
5.967	1.07983e-05	6038.26
5.977	1.05334e-05	6184.93
5.987	1.02747e-05	6335.29
5.997	1.00223e-05	6489.45
6.007	9.77579e-06	6647.49
6.017	9.5352e-06	6809.53
6.027	9.30034e-06	6975.67
6.037	9.07109e-06	7146.01
6.047	8.84732e-06	7320.67
6.057	8.62889e-06	7499.75
6.067	8.41569e-06	7683.38
6.077	8.2076e-06	7871.67
6.087	8.0045e-06	8064.74
6.097	7.80627e-06	8262.72
6.107	7.6128e-06	8465.74
6.117	7.42397e-06	8673.93
6.127	7.23969e-06	8887.42
6.137	7.05985e-06	9106.36
6.147	6.88434e-06	9330.89
6.157	6.71306e-06	9561.16
6.167	6.54591e-06	9797.31
6.177	6.3828e-06	10039.5
6.187	6.22363e-06	10287.9
6.197	6.06832e-06	10542.7
6.207	5.91676e-06	10804
6.217	5.76888e-06	11072
6.227	5.62458e-06	11346.9
6.237	5.48379e-06	11628.8
6.247	5.34642e-06	11918
6.257	5.21239e-06	12214.7
6.267	5.08161e-06	12519
6.277	4.95403e-06	12831.1
